1025 3.0,1028 1.0,1032 4.0,1048 3.0,1049 2.0,1052 3.0,1055 1.0,1059 1.0,1076 2.0,2125 1.0,2126 4.0,2127 1.0,2128 4.0,2131 2.0,2132 2.0,13333 3.0,14377 2.0,14403 3.0,14404 4.0,14405 4.0,14406 4.0,14417 3.0
1025 3.0,1028 1.0,1032 4.0,1048 3.0,1049 2.0,1052 3.0,1055 1.0,1059 1.0,1076 2.0,2125 1.0,2126 4.0,2127 1.0,2128 4.0,2131 2.0,2132 2.0,13333 3.0,14377 2.0,14403 3.0,14404 4.0,14405 4.0,14406 4.0,14417 3.0
1025 3.0,1028 1.0,1032 4.0,1048 3.0,1049 2.0,1052 3.0,1055 1.0,1059 1.0,1076 2.0,2125 1.0,2126 4.0,2127 1.0,2128 4.0,2131 2.0,2132 2.0,13333 3.0,14377 2.0,14403 3.0,14404 4.0,14405 4.0,14406 4.0,14417 3.0
1025 4.0,1028 1.0,1032 4.0,1048 2.0,1049 1.0,1052 4.0,1055 1.0,1059 1.0,1076 1.0,2125 1.0,2126 4.0,2127 1.0,2128 4.0,2131 2.0,2132 2.0,13333 3.0,14377 2.0,14403 3.0,14404 4.0,14405 4.0,14406 4.0,14417 3.0
1025 4.0,1028 1.0,1032 4.0,1048 2.0,1049 1.0,1052 4.0,1055 1.0,1059 1.0,1076 1.0,2125 1.0,2126 4.0,2127 1.0,2128 4.0,2131 2.0,2132 2.0,13333 3.0,14377 2.0,14403 3.0,14404 4.0,14405 4.0,14406 4.0,14417 3.0
1025 3.0,1028 1.0,1032 4.0,1048 3.0,1049 2.0,1052 4.0,1055 1.0,1059 1.0,1076 2.0,2125 1.0,2126 4.0,2127 1.0,2128 4.0,2131 2.0,2132 2.0,13333 3.0,14377 2.0,14403 3.0,14404 4.0,14405 4.0,14406 4.0,14417 3.0
1025 3.0,1028 1.0,1032 4.0,1048 4.0,1049 3.0,1052 3.0,1055 1.0,1059 1.0,1076 4.0,2125 1.0,2126 4.0,2127 1.0,2128 4.0,2131 2.0,2132 2.0,13333 3.0,14377 2.0,14403 3.0,14404 4.0,14405 4.0,14406 4.0,14417 2.0
1025 3.0,1028 1.0,1032 4.0,1048 4.0,1049 3.0,1052 3.0,1055 1.0,1059 1.0,1076 3.0,2125 1.0,2126 4.0,2127 1.0,2128 4.0,2131 2.0,2132 2.0,13333 3.0,14377 2.0,14403 3.0,14404 4.0,14405 4.0,14406 4.0,14417 2.0
1025 3.0,1028 1.0,1032 4.0,1048 4.0,1049 3.0,1052 3.0,1055 1.0,1059 1.0,1076 3.0,2125 1.0,2126 4.0,2127 1.0,2128 4.0,2131 2.0,2132 2.0,13333 3.0,14377 2.0,14403 3.0,14404 4.0,14405 4.0,14406 4.0,14417 2.0
1025 3.0,1028 1.0,1032 4.0,1048 4.0,1049 3.0,1052 3.0,1055 1.0,1059 1.0,1076 3.0,2125 1.0,2126 4.0,2127 1.0,2128 4.0,2131 2.0,2132 2.0,13333 3.0,14377 2.0,14403 3.0,14404 4.0,14405 4.0,14406 4.0,14417 2.0
1025 3.0,1028 1.0,1032 4.0,1048 3.0,1049 2.0,1052 4.0,1055 1.0,1059 1.0,1076 3.0,2125 1.0,2126 4.0,2127 1.0,2128 4.0,2131 2.0,2132 2.0,13333 3.0,14377 2.0,14403 3.0,14404 4.0,14405 4.0,14406 4.0,14417 3.0
1025 3.0,1028 1.0,1032 4.0,1048 3.0,1049 2.0,1052 4.0,1055 1.0,1059 1.0,1076 3.0,2125 1.0,2126 4.0,2127 1.0,2128 4.0,2131 2.0,2132 2.0,13333 3.0,14377 2.0,14403 3.0,14404 4.0,14405 4.0,14406 4.0,14417 3.0
1025 3.0,1028 1.0,1032 4.0,1048 3.0,1049 2.0,1052 4.0,1055 1.0,1059 1.0,1076 3.0,2125 1.0,2126 4.0,2127 1.0,2128 4.0,2131 2.0,2132 2.0,13333 3.0,14377 2.0,14403 3.0,14404 4.0,14405 4.0,14406 4.0,14417 3.0
1025 2.0,1028 1.0,1032 4.0,1048 4.0,1049 3.0,1052 4.0,1055 1.0,1059 1.0,1076 3.0,2125 1.0,2126 4.0,2127 1.0,2128 4.0,2131 2.0,2132 2.0,13333 3.0,14377 1.0,14403 3.0,14404 4.0,14405 4.0,14406 4.0,14417 2.0
1025 2.0,1028 1.0,1032 4.0,1048 4.0,1049 3.0,1052 4.0,1055 1.0,1059 1.0,1076 3.0,2125 1.0,2126 4.0,2127 1.0,2128 4.0,2131 2.0,2132 2.0,13333 3.0,14377 1.0,14403 3.0,14404 4.0,14405 4.0,14406 4.0,14417 2.0
1025 2.0,1028 1.0,1032 4.0,1048 4.0,1049 3.0,1052 4.0,1055 1.0,1059 1.0,1076 3.0,2125 1.0,2126 4.0,2127 1.0,2128 4.0,2131 2.0,2132 2.0,13333 3.0,14377 1.0,14403 3.0,14404 4.0,14405 4.0,14406 4.0,14417 2.0
1025 2.0,1028 1.0,1032 4.0,1048 3.0,1049 3.0,1052 4.0,1055 1.0,1059 1.0,1076 3.0,2125 1.0,2126 4.0,2127 1.0,2128 4.0,2131 2.0,2132 2.0,13333 3.0,14377 1.0,14403 3.0,14404 4.0,14405 4.0,14406 4.0,14417 2.0
1025 3.0,1028 1.0,1032 4.0,1048 3.0,1049 3.0,1052 4.0,1055 1.0,1059 1.0,1076 3.0,2125 1.0,2126 4.0,2127 1.0,2128 4.0,2131 2.0,2132 2.0,13333 3.0,14377 1.0,14403 3.0,14404 4.0,14405 4.0,14406 4.0,14417 2.0
1025 3.0,1028 1.0,1032 4.0,1048 3.0,1049 3.0,1052 4.0,1055 1.0,1059 1.0,1076 3.0,2125 1.0,2126 4.0,2127 1.0,2128 4.0,2131 2.0,2132 2.0,13333 3.0,14377 1.0,14403 3.0,14404 4.0,14405 4.0,14406 4.0,14417 2.0
1025 3.0,1028 1.0,1032 4.0,1048 3.0,1049 3.0,1052 4.0,1055 1.0,1059 1.0,1076 3.0,2125 1.0,2126 4.0,2127 1.0,2128 4.0,2131 2.0,2132 2.0,13333 3.0,14377 1.0,14403 3.0,14404 4.0,14405 4.0,14406 4.0,14417 2.0
1025 3.0,1028 1.0,1032 4.0,1048 3.0,1049 3.0,1052 4.0,1055 1.0,1059 1.0,1076 3.0,2125 1.0,2126 4.0,2127 1.0,2128 4.0,2131 2.0,2132 2.0,13333 3.0,14377 1.0,14403 3.0,14404 4.0,14405 4.0,14406 4.0,14417 2.0
1025 3.0,1028 1.0,1032 4.0,1048 3.0,1049 2.0,1052 4.0,1055 1.0,1059 1.0,1076 3.0,2125 1.0,2126 4.0,2127 1.0,2128 4.0,2131 2.0,2132 2.0,13333 3.0,14377 1.0,14403 3.0,14404 4.0,14405 4.0,14406 4.0,14417 2.0
1025 3.0,1028 1.0,1032 4.0,1048 4.0,1049 3.0,1052 3.0,1055 1.0,1059 1.0,1076 3.0,2125 1.0,2126 4.0,2127 1.0,2128 4.0,2131 2.0,2132 2.0,13333 3.0,14377 1.0,14403 3.0,14404 4.0,14405 4.0,14406 4.0,14417 2.0
1025 4.0,1028 1.0,1032 4.0,1048 1.0,1049 1.0,1052 4.0,1055 1.0,1059 1.0,1076 1.0,2125 1.0,2126 4.0,2127 1.0,2128 4.0,2131 2.0,2132 2.0,13333 3.0,14377 1.0,14403 3.0,14404 4.0,14405 4.0,14406 4.0,14417 3.0
1025 3.0,1028 1.0,1032 4.0,1048 1.0,1049 1.0,1052 3.0,1055 1.0,1059 1.0,1076 1.0,2125 1.0,2126 4.0,2127 1.0,2128 4.0,2131 2.0,2132 2.0,13333 3.0,14377 1.0,14403 3.0,14404 4.0,14405 4.0,14406 4.0,14417 3.0
1025 3.0,1028 1.0,1032 4.0,1048 3.0,1049 2.0,1052 4.0,1055 1.0,1059 1.0,1076 3.0,2125 1.0,2126 4.0,2127 1.0,2128 4.0,2131 2.0,2132 2.0,13333 3.0,14377 1.0,14403 3.0,14404 4.0,14405 4.0,14406 4.0,14417 2.0
1025 3.0,1028 1.0,1032 4.0,1048 3.0,1049 2.0,1052 4.0,1055 1.0,1059 1.0,1076 3.0,2125 1.0,2126 4.0,2127 1.0,2128 4.0,2131 2.0,2132 2.0,13333 3.0,14377 1.0,14403 3.0,14404 4.0,14405 4.0,14406 4.0,14417 2.0
1025 3.0,1028 1.0,1032 4.0,1048 3.0,1049 2.0,1052 4.0,1055 1.0,1059 1.0,1076 3.0,2125 1.0,2126 4.0,2127 1.0,2128 4.0,2131 2.0,2132 2.0,13333 3.0,14377 1.0,14403 3.0,14404 4.0,14405 4.0,14406 4.0,14417 2.0
1025 4.0,1028 1.0,1032 4.0,1048 2.0,1049 2.0,1052 4.0,1055 1.0,1059 1.0,1076 2.0,2125 1.0,2126 4.0,2127 1.0,2128 4.0,2131 2.0,2132 2.0,13333 3.0,14377 2.0,14403 3.0,14404 4.0,14405 4.0,14406 4.0,14417 3.0
1025 4.0,1028 1.0,1032 4.0,1048 2.0,1049 2.0,1052 4.0,1055 1.0,1059 1.0,1076 2.0,2125 1.0,2126 4.0,2127 1.0,2128 4.0,2131 2.0,2132 2.0,13333 3.0,14377 2.0,14403 3.0,14404 4.0,14405 4.0,14406 4.0,14417 3.0
1025 4.0,1028 1.0,1032 4.0,1048 2.0,1049 2.0,1052 4.0,1055 1.0,1059 1.0,1076 2.0,2125 1.0,2126 4.0,2127 1.0,2128 4.0,2131 2.0,2132 2.0,13333 3.0,14377 2.0,14403 3.0,14404 4.0,14405 4.0,14406 4.0,14417 3.0
1025 4.0,1028 1.0,1032 4.0,1048 2.0,1049 2.0,1052 4.0,1055 1.0,1059 1.0,1076 2.0,2125 1.0,2126 4.0,2127 1.0,2128 4.0,2131 2.0,2132 2.0,13333 3.0,14377 2.0,14403 3.0,14404 4.0,14405 4.0,14406 4.0,14417 3.0
1025 4.0,1028 1.0,1032 4.0,1048 2.0,1049 2.0,1052 4.0,1055 1.0,1059 1.0,1076 2.0,2125 1.0,2126 4.0,2127 1.0,2128 4.0,2131 2.0,2132 2.0,13333 3.0,14377 2.0,14403 3.0,14404 4.0,14405 4.0,14406 4.0,14417 3.0
1025 4.0,1028 1.0,1032 4.0,1048 2.0,1049 1.0,1052 4.0,1055 1.0,1059 1.0,1076 2.0,2125 1.0,2126 4.0,2127 1.0,2128 4.0,2131 2.0,2132 2.0,13333 3.0,14377 2.0,14403 3.0,14404 4.0,14405 4.0,14406 4.0,14417 3.0
1025 4.0,1028 1.0,1032 4.0,1048 2.0,1049 1.0,1052 4.0,1055 1.0,1059 1.0,1076 2.0,2125 1.0,2126 4.0,2127 1.0,2128 4.0,2131 2.0,2132 2.0,13333 3.0,14377 2.0,14403 3.0,14404 4.0,14405 4.0,14406 4.0,14417 3.0
1025 4.0,1028 1.0,1032 4.0,1048 2.0,1049 1.0,1052 4.0,1055 1.0,1059 1.0,1076 2.0,2125 1.0,2126 4.0,2127 1.0,2128 4.0,2131 2.0,2132 2.0,13333 3.0,14377 2.0,14403 3.0,14404 4.0,14405 4.0,14406 4.0,14417 3.0
1025 4.0,1028 1.0,1032 4.0,1048 2.0,1049 1.0,1052 4.0,1055 1.0,1059 1.0,1076 1.0,2125 1.0,2126 4.0,2127 1.0,2128 4.0,2131 2.0,2132 2.0,13333 3.0,14377 2.0,14403 3.0,14404 4.0,14405 4.0,14406 4.0,14417 3.0
1025 4.0,1028 1.0,1032 4.0,1048 2.0,1049 1.0,1052 4.0,1055 1.0,1059 1.0,1076 1.0,2125 1.0,2126 4.0,2127 1.0,2128 4.0,2131 2.0,2132 2.0,13333 3.0,14377 2.0,14403 3.0,14404 4.0,14405 4.0,14406 4.0,14417 3.0
1025 4.0,1028 1.0,1032 4.0,1048 2.0,1049 1.0,1052 4.0,1055 1.0,1059 1.0,1076 1.0,2125 1.0,2126 4.0,2127 1.0,2128 4.0,2131 2.0,2132 2.0,13333 3.0,14377 2.0,14403 3.0,14404 4.0,14405 4.0,14406 4.0,14417 3.0
1025 4.0,1028 1.0,1032 4.0,1048 2.0,1049 1.0,1052 4.0,1055 1.0,1059 1.0,1076 1.0,2125 1.0,2126 4.0,2127 1.0,2128 4.0,2131 2.0,2132 2.0,13333 3.0,14377 2.0,14403 3.0,14404 4.0,14405 4.0,14406 4.0,14417 3.0
1025 4.0,1028 1.0,1032 4.0,1048 1.0,1049 1.0,1052 4.0,1055 1.0,1059 1.0,1076 1.0,2125 1.0,2126 4.0,2127 1.0,2128 4.0,2131 2.0,2132 2.0,13333 3.0,14377 2.0,14403 3.0,14404 4.0,14405 4.0,14406 4.0,14417 3.0
1025 4.0,1028 1.0,1032 4.0,1048 1.0,1049 1.0,1052 4.0,1055 1.0,1059 1.0,1076 1.0,2125 1.0,2126 4.0,2127 1.0,2128 4.0,2131 2.0,2132 2.0,13333 3.0,14377 2.0,14403 3.0,14404 4.0,14405 4.0,14406 4.0,14417 3.0
1025 2.0,1028 1.0,1032 4.0,1048 1.0,1049 1.0,1052 3.0,1055 1.0,1059 2.0,1076 1.0,2125 1.0,2126 4.0,2127 1.0,2128 4.0,2131 2.0,2132 2.0,13333 3.0,14377 2.0,14403 3.0,14404 4.0,14405 4.0,14406 4.0,14417 3.0
1025 4.0,1028 1.0,1032 4.0,1048 2.0,1049 2.0,1052 4.0,1055 1.0,1059 1.0,1076 2.0,2125 1.0,2126 4.0,2127 1.0,2128 4.0,2131 2.0,2132 1.0,13333 3.0,14377 2.0,14403 3.0,14404 4.0,14405 4.0,14406 4.0,14417 3.0
1025 4.0,1028 1.0,1032 4.0,1048 2.0,1049 2.0,1052 4.0,1055 1.0,1059 1.0,1076 2.0,2125 1.0,2126 4.0,2127 1.0,2128 4.0,2131 2.0,2132 2.0,13333 3.0,14377 2.0,14403 3.0,14404 4.0,14405 4.0,14406 4.0,14417 3.0
1025 4.0,1028 1.0,1032 4.0,1048 1.0,1049 1.0,1052 4.0,1055 1.0,1059 1.0,1076 1.0,2125 1.0,2126 4.0,2127 1.0,2128 4.0,2131 2.0,2132 2.0,13333 3.0,14377 2.0,14403 3.0,14404 4.0,14405 4.0,14406 4.0,14417 3.0
1025 3.0,1028 1.0,1032 4.0,1048 4.0,1049 3.0,1052 3.0,1055 1.0,1059 1.0,1076 3.0,2125 1.0,2126 4.0,2127 1.0,2128 4.0,2131 2.0,2132 2.0,13333 3.0,14377 2.0,14403 3.0,14404 4.0,14405 4.0,14406 4.0,14417 2.0
1025 3.0,1028 1.0,1032 4.0,1048 4.0,1049 3.0,1052 3.0,1055 1.0,1059 1.0,1076 3.0,2125 1.0,2126 4.0,2127 1.0,2128 4.0,2131 2.0,2132 2.0,13333 3.0,14377 2.0,14403 3.0,14404 4.0,14405 4.0,14406 4.0,14417 2.0
1025 3.0,1028 1.0,1032 4.0,1048 4.0,1049 3.0,1052 3.0,1055 1.0,1059 1.0,1076 4.0,2125 1.0,2126 4.0,2127 1.0,2128 4.0,2131 2.0,2132 2.0,13333 3.0,14377 2.0,14403 3.0,14404 4.0,14405 4.0,14406 4.0,14417 2.0
1025 3.0,1028 1.0,1032 4.0,1048 4.0,1049 3.0,1052 3.0,1055 1.0,1059 1.0,1076 4.0,2125 1.0,2126 4.0,2127 1.0,2128 4.0,2131 2.0,2132 2.0,13333 3.0,14377 2.0,14403 3.0,14404 4.0,14405 4.0,14406 4.0,14417 2.0
1025 3.0,1028 1.0,1032 4.0,1048 4.0,1049 3.0,1052 3.0,1055 1.0,1059 1.0,1076 3.0,2125 1.0,2126 4.0,2127 1.0,2128 4.0,2131 2.0,2132 2.0,13333 3.0,14377 2.0,14403 3.0,14404 4.0,14405 4.0,14406 4.0,14417 2.0
1025 3.0,1028 1.0,1032 4.0,1048 4.0,1049 3.0,1052 3.0,1055 1.0,1059 1.0,1076 3.0,2125 1.0,2126 4.0,2127 1.0,2128 4.0,2131 2.0,2132 2.0,13333 3.0,14377 2.0,14403 3.0,14404 4.0,14405 4.0,14406 4.0,14417 2.0
1025 3.0,1028 1.0,1032 4.0,1048 4.0,1049 3.0,1052 3.0,1055 1.0,1059 1.0,1076 3.0,2125 1.0,2126 4.0,2127 1.0,2128 4.0,2131 2.0,2132 2.0,13333 3.0,14377 2.0,14403 3.0,14404 4.0,14405 4.0,14406 4.0,14417 2.0
1025 3.0,1028 1.0,1032 4.0,1048 4.0,1049 3.0,1052 3.0,1055 1.0,1059 1.0,1076 3.0,2125 1.0,2126 4.0,2127 1.0,2128 4.0,2131 2.0,2132 2.0,13333 3.0,14377 2.0,14403 3.0,14404 4.0,14405 4.0,14406 4.0,14417 2.0
1025 3.0,1028 1.0,1032 4.0,1048 4.0,1049 3.0,1052 3.0,1055 1.0,1059 1.0,1076 3.0,2125 1.0,2126 4.0,2127 1.0,2128 4.0,2131 2.0,2132 2.0,13333 3.0,14377 2.0,14403 3.0,14404 4.0,14405 4.0,14406 4.0,14417 2.0
1025 3.0,1028 1.0,1032 4.0,1048 4.0,1049 3.0,1052 3.0,1055 1.0,1059 1.0,1076 3.0,2125 1.0,2126 4.0,2127 1.0,2128 4.0,2131 2.0,2132 2.0,13333 3.0,14377 2.0,14403 3.0,14404 4.0,14405 4.0,14406 4.0,14417 2.0
1025 3.0,1028 1.0,1032 4.0,1048 4.0,1049 3.0,1052 3.0,1055 1.0,1059 1.0,1076 3.0,2125 1.0,2126 4.0,2127 1.0,2128 4.0,2131 2.0,2132 2.0,13333 3.0,14377 2.0,14403 3.0,14404 4.0,14405 4.0,14406 4.0,14417 2.0
1025 3.0,1028 1.0,1032 4.0,1048 4.0,1049 3.0,1052 3.0,1055 1.0,1059 1.0,1076 3.0,2125 1.0,2126 4.0,2127 1.0,2128 4.0,2131 2.0,2132 2.0,13333 3.0,14377 2.0,14403 3.0,14404 4.0,14405 4.0,14406 4.0,14417 2.0
1025 3.0,1028 1.0,1032 4.0,1048 3.0,1049 3.0,1052 3.0,1055 1.0,1059 1.0,1076 3.0,2125 1.0,2126 4.0,2127 1.0,2128 4.0,2131 2.0,2132 2.0,13333 3.0,14377 2.0,14403 3.0,14404 4.0,14405 4.0,14406 4.0,14417 2.0
1025 3.0,1028 1.0,1032 4.0,1048 3.0,1049 3.0,1052 3.0,1055 1.0,1059 1.0,1076 3.0,2125 1.0,2126 4.0,2127 1.0,2128 4.0,2131 2.0,2132 2.0,13333 3.0,14377 2.0,14403 3.0,14404 4.0,14405 4.0,14406 4.0,14417 2.0
1025 3.0,1028 1.0,1032 4.0,1048 3.0,1049 3.0,1052 3.0,1055 1.0,1059 1.0,1076 3.0,2125 1.0,2126 4.0,2127 1.0,2128 4.0,2131 2.0,2132 2.0,13333 3.0,14377 2.0,14403 3.0,14404 4.0,14405 4.0,14406 4.0,14417 2.0
1025 3.0,1028 1.0,1032 4.0,1048 3.0,1049 3.0,1052 3.0,1055 1.0,1059 1.0,1076 3.0,2125 1.0,2126 4.0,2127 1.0,2128 4.0,2131 2.0,2132 2.0,13333 3.0,14377 2.0,14403 3.0,14404 4.0,14405 4.0,14406 4.0,14417 2.0
1025 3.0,1028 1.0,1032 4.0,1048 3.0,1049 3.0,1052 4.0,1055 1.0,1059 1.0,1076 3.0,2125 1.0,2126 4.0,2127 1.0,2128 4.0,2131 2.0,2132 2.0,13333 3.0,14377 2.0,14403 3.0,14404 4.0,14405 4.0,14406 4.0,14417 2.0
1025 3.0,1028 1.0,1032 4.0,1048 4.0,1049 3.0,1052 3.0,1055 1.0,1059 1.0,1076 4.0,2125 1.0,2126 4.0,2127 1.0,2128 4.0,2131 2.0,2132 2.0,13333 3.0,14377 2.0,14403 3.0,14404 4.0,14405 4.0,14406 4.0,14417 2.0
1025 3.0,1028 1.0,1032 4.0,1048 4.0,1049 3.0,1052 3.0,1055 1.0,1059 1.0,1076 4.0,2125 1.0,2126 4.0,2127 1.0,2128 4.0,2131 2.0,2132 2.0,13333 3.0,14377 2.0,14403 3.0,14404 4.0,14405 4.0,14406 4.0,14417 2.0
1025 3.0,1028 1.0,1032 4.0,1048 4.0,1049 3.0,1052 3.0,1055 1.0,1059 1.0,1076 4.0,2125 1.0,2126 4.0,2127 1.0,2128 4.0,2131 2.0,2132 2.0,13333 3.0,14377 2.0,14403 3.0,14404 4.0,14405 4.0,14406 4.0,14417 2.0
1025 2.0,1028 1.0,1032 4.0,1048 2.0,1049 2.0,1052 2.0,1055 2.0,1059 3.0,1076 2.0,2125 1.0,2126 4.0,2127 1.0,2128 4.0,2131 2.0,2132 2.0,13333 3.0,14377 2.0,14403 3.0,14404 4.0,14405 4.0,14406 4.0,14417 4.0
1025 3.0,1028 1.0,1032 4.0,1048 4.0,1049 3.0,1052 3.0,1055 1.0,1059 1.0,1076 4.0,2125 1.0,2126 4.0,2127 1.0,2128 4.0,2131 2.0,2132 2.0,13333 3.0,14377 2.0,14403 3.0,14404 4.0,14405 4.0,14406 4.0,14417 2.0
1025 3.0,1028 1.0,1032 4.0,1048 4.0,1049 3.0,1052 3.0,1055 1.0,1059 1.0,1076 4.0,2125 1.0,2126 4.0,2127 1.0,2128 4.0,2131 2.0,2132 2.0,13333 3.0,14377 2.0,14403 3.0,14404 4.0,14405 4.0,14406 4.0,14417 2.0
1025 3.0,1028 1.0,1032 4.0,1048 3.0,1049 3.0,1052 3.0,1055 1.0,1059 1.0,1076 3.0,2125 1.0,2126 4.0,2127 1.0,2128 4.0,2131 2.0,2132 2.0,13333 3.0,14377 2.0,14403 3.0,14404 4.0,14405 4.0,14406 4.0,14417 2.0
1025 3.0,1028 1.0,1032 4.0,1048 3.0,1049 2.0,1052 3.0,1055 1.0,1059 1.0,1076 3.0,2125 1.0,2126 4.0,2127 1.0,2128 4.0,2131 2.0,2132 2.0,13333 3.0,14377 2.0,14403 3.0,14404 4.0,14405 4.0,14406 4.0,14417 2.0
1025 3.0,1028 1.0,1032 4.0,1048 3.0,1049 2.0,1052 3.0,1055 1.0,1059 1.0,1076 3.0,2125 1.0,2126 4.0,2127 1.0,2128 4.0,2131 2.0,2132 2.0,13333 3.0,14377 2.0,14403 3.0,14404 4.0,14405 4.0,14406 4.0,14417 2.0
1025 3.0,1028 1.0,1032 4.0,1048 3.0,1049 2.0,1052 3.0,1055 1.0,1059 1.0,1076 3.0,2125 1.0,2126 4.0,2127 1.0,2128 4.0,2131 2.0,2132 2.0,13333 3.0,14377 2.0,14403 3.0,14404 4.0,14405 4.0,14406 4.0,14417 2.0
1025 3.0,1028 1.0,1032 4.0,1048 3.0,1049 2.0,1052 3.0,1055 1.0,1059 1.0,1076 2.0,2125 1.0,2126 4.0,2127 1.0,2128 4.0,2131 2.0,2132 2.0,13333 3.0,14377 2.0,14403 3.0,14404 4.0,14405 4.0,14406 4.0,14417 2.0
1025 4.0,1028 1.0,1032 4.0,1048 3.0,1049 2.0,1052 3.0,1055 1.0,1059 1.0,1076 2.0,2125 1.0,2126 4.0,2127 1.0,2128 4.0,2131 2.0,2132 2.0,13333 3.0,14377 2.0,14403 3.0,14404 4.0,14405 4.0,14406 4.0,14417 3.0
1025 4.0,1028 1.0,1032 4.0,1048 3.0,1049 2.0,1052 4.0,1055 1.0,1059 1.0,1076 2.0,2125 1.0,2126 4.0,2127 1.0,2128 4.0,2131 2.0,2132 2.0,13333 3.0,14377 2.0,14403 3.0,14404 4.0,14405 4.0,14406 4.0,14417 3.0
1025 3.0,1028 1.0,1032 4.0,1048 3.0,1049 2.0,1052 4.0,1055 1.0,1059 1.0,1076 2.0,2125 1.0,2126 4.0,2127 1.0,2128 4.0,2131 2.0,2132 2.0,13333 3.0,14377 2.0,14403 3.0,14404 4.0,14405 4.0,14406 4.0,14417 3.0
1025 3.0,1028 1.0,1032 4.0,1048 3.0,1049 2.0,1052 4.0,1055 1.0,1059 1.0,1076 2.0,2125 1.0,2126 4.0,2127 1.0,2128 4.0,2131 2.0,2132 2.0,13333 3.0,14377 2.0,14403 3.0,14404 4.0,14405 4.0,14406 4.0,14417 3.0
1025 3.0,1028 1.0,1032 4.0,1048 3.0,1049 2.0,1052 4.0,1055 1.0,1059 1.0,1076 2.0,2125 1.0,2126 4.0,2127 1.0,2128 4.0,2131 2.0,2132 2.0,13333 3.0,14377 2.0,14403 3.0,14404 4.0,14405 4.0,14406 4.0,14417 3.0
1025 3.0,1028 1.0,1032 4.0,1048 3.0,1049 2.0,1052 4.0,1055 1.0,1059 1.0,1076 2.0,2125 1.0,2126 4.0,2127 1.0,2128 4.0,2131 2.0,2132 2.0,13333 3.0,14377 2.0,14403 3.0,14404 4.0,14405 4.0,14406 4.0,14417 3.0
1025 3.0,1028 1.0,1032 4.0,1048 3.0,1049 2.0,1052 4.0,1055 1.0,1059 1.0,1076 2.0,2125 1.0,2126 4.0,2127 1.0,2128 4.0,2131 2.0,2132 2.0,13333 3.0,14377 2.0,14403 3.0,14404 4.0,14405 4.0,14406 4.0,14417 3.0
1025 4.0,1028 1.0,1032 4.0,1048 2.0,1049 2.0,1052 4.0,1055 1.0,1059 1.0,1076 2.0,2125 1.0,2126 4.0,2127 1.0,2128 4.0,2131 2.0,2132 2.0,13333 3.0,14377 2.0,14403 3.0,14404 4.0,14405 4.0,14406 4.0,14417 3.0
1025 4.0,1028 1.0,1032 4.0,1048 2.0,1049 2.0,1052 4.0,1055 1.0,1059 1.0,1076 2.0,2125 1.0,2126 4.0,2127 1.0,2128 4.0,2131 2.0,2132 2.0,13333 3.0,14377 2.0,14403 3.0,14404 4.0,14405 4.0,14406 4.0,14417 3.0
1025 4.0,1028 1.0,1032 4.0,1048 2.0,1049 2.0,1052 4.0,1055 1.0,1059 1.0,1076 2.0,2125 1.0,2126 4.0,2127 1.0,2128 4.0,2131 2.0,2132 1.0,13333 3.0,14377 2.0,14403 3.0,14404 4.0,14405 4.0,14406 4.0,14417 3.0
1025 3.0,1028 1.0,1032 4.0,1048 4.0,1049 3.0,1052 3.0,1055 1.0,1059 1.0,1076 3.0,2125 1.0,2126 4.0,2127 1.0,2128 4.0,2131 2.0,2132 2.0,13333 3.0,14377 2.0,14403 3.0,14404 4.0,14405 4.0,14406 4.0,14417 2.0
1025 3.0,1028 1.0,1032 4.0,1048 4.0,1049 3.0,1052 3.0,1055 1.0,1059 1.0,1076 3.0,2125 1.0,2126 4.0,2127 1.0,2128 4.0,2131 2.0,2132 2.0,13333 3.0,14377 2.0,14403 3.0,14404 4.0,14405 4.0,14406 4.0,14417 2.0
1025 3.0,1028 1.0,1032 4.0,1048 4.0,1049 3.0,1052 3.0,1055 1.0,1059 1.0,1076 3.0,2125 1.0,2126 4.0,2127 1.0,2128 4.0,2131 2.0,2132 2.0,13333 3.0,14377 2.0,14403 3.0,14404 4.0,14405 4.0,14406 4.0,14417 2.0
1025 3.0,1028 1.0,1032 4.0,1048 4.0,1049 3.0,1052 3.0,1055 1.0,1059 1.0,1076 3.0,2125 1.0,2126 4.0,2127 1.0,2128 4.0,2131 2.0,2132 2.0,13333 3.0,14377 2.0,14403 3.0,14404 4.0,14405 4.0,14406 4.0,14417 2.0
1025 3.0,1028 1.0,1032 4.0,1048 4.0,1049 3.0,1052 3.0,1055 1.0,1059 1.0,1076 3.0,2125 1.0,2126 4.0,2127 1.0,2128 4.0,2131 2.0,2132 2.0,13333 3.0,14377 2.0,14403 3.0,14404 4.0,14405 4.0,14406 4.0,14417 2.0
1025 3.0,1028 1.0,1032 4.0,1048 4.0,1049 3.0,1052 3.0,1055 1.0,1059 1.0,1076 3.0,2125 1.0,2126 4.0,2127 1.0,2128 4.0,2131 2.0,2132 1.0,13333 3.0,14377 2.0,14403 3.0,14404 4.0,14405 4.0,14406 4.0,14417 2.0
1025 3.0,1028 1.0,1032 4.0,1048 4.0,1049 3.0,1052 3.0,1055 1.0,1059 1.0,1076 3.0,2125 1.0,2126 4.0,2127 1.0,2128 4.0,2131 2.0,2132 1.0,13333 3.0,14377 2.0,14403 3.0,14404 4.0,14405 4.0,14406 4.0,14417 2.0
1025 3.0,1028 1.0,1032 4.0,1048 4.0,1049 3.0,1052 3.0,1055 1.0,1059 1.0,1076 3.0,2125 1.0,2126 4.0,2127 1.0,2128 4.0,2131 2.0,2132 2.0,13333 3.0,14377 2.0,14403 3.0,14404 4.0,14405 4.0,14406 4.0,14417 2.0
1025 3.0,1028 1.0,1032 4.0,1048 4.0,1049 3.0,1052 3.0,1055 1.0,1059 1.0,1076 3.0,2125 1.0,2126 4.0,2127 1.0,2128 4.0,2131 2.0,2132 2.0,13333 3.0,14377 2.0,14403 3.0,14404 4.0,14405 4.0,14406 4.0,14417 2.0
1025 3.0,1028 1.0,1032 4.0,1048 4.0,1049 3.0,1052 3.0,1055 1.0,1059 1.0,1076 3.0,2125 1.0,2126 4.0,2127 1.0,2128 4.0,2131 2.0,2132 2.0,13333 3.0,14377 2.0,14403 3.0,14404 4.0,14405 4.0,14406 4.0,14417 2.0
1025 3.0,1028 1.0,1032 4.0,1048 3.0,1049 2.0,1052 3.0,1055 1.0,1059 1.0,1076 3.0,2125 1.0,2126 4.0,2127 1.0,2128 4.0,2131 2.0,2132 2.0,13333 3.0,14377 2.0,14403 3.0,14404 4.0,14405 4.0,14406 4.0,14417 2.0
1025 3.0,1028 1.0,1032 4.0,1048 3.0,1049 2.0,1052 4.0,1055 1.0,1059 1.0,1076 3.0,2125 1.0,2126 4.0,2127 1.0,2128 4.0,2131 2.0,2132 2.0,13333 3.0,14377 2.0,14403 3.0,14404 4.0,14405 4.0,14406 4.0,14417 2.0
1025 3.0,1028 1.0,1032 4.0,1048 4.0,1049 3.0,1052 3.0,1055 1.0,1059 1.0,1076 3.0,2125 1.0,2126 4.0,2127 1.0,2128 4.0,2131 2.0,2132 2.0,13333 3.0,14377 2.0,14403 3.0,14404 4.0,14405 4.0,14406 4.0,14417 2.0
1025 3.0,1028 1.0,1032 4.0,1048 4.0,1049 3.0,1052 3.0,1055 1.0,1059 1.0,1076 3.0,2125 1.0,2126 4.0,2127 1.0,2128 4.0,2131 2.0,2132 2.0,13333 3.0,14377 2.0,14403 3.0,14404 4.0,14405 4.0,14406 4.0,14417 2.0
1025 3.0,1028 1.0,1032 4.0,1048 4.0,1049 3.0,1052 3.0,1055 1.0,1059 1.0,1076 3.0,2125 1.0,2126 4.0,2127 1.0,2128 4.0,2131 2.0,2132 2.0,13333 3.0,14377 2.0,14403 3.0,14404 4.0,14405 4.0,14406 4.0,14417 2.0
1025 3.0,1028 1.0,1032 4.0,1048 3.0,1049 3.0,1052 3.0,1055 1.0,1059 1.0,1076 3.0,2125 1.0,2126 4.0,2127 1.0,2128 4.0,2131 2.0,2132 2.0,13333 3.0,14377 2.0,14403 3.0,14404 4.0,14405 4.0,14406 4.0,14417 2.0
1025 3.0,1028 1.0,1032 4.0,1048 3.0,1049 3.0,1052 3.0,1055 1.0,1059 1.0,1076 3.0,2125 1.0,2126 4.0,2127 1.0,2128 4.0,2131 2.0,2132 2.0,13333 3.0,14377 2.0,14403 3.0,14404 4.0,14405 4.0,14406 4.0,14417 2.0
1025 3.0,1028 1.0,1032 4.0,1048 3.0,1049 3.0,1052 3.0,1055 1.0,1059 1.0,1076 3.0,2125 1.0,2126 4.0,2127 1.0,2128 4.0,2131 2.0,2132 2.0,13333 3.0,14377 2.0,14403 3.0,14404 4.0,14405 4.0,14406 4.0,14417 2.0
1025 3.0,1028 1.0,1032 4.0,1048 3.0,1049 3.0,1052 3.0,1055 1.0,1059 1.0,1076 3.0,2125 1.0,2126 4.0,2127 1.0,2128 4.0,2131 2.0,2132 2.0,13333 3.0,14377 2.0,14403 3.0,14404 4.0,14405 4.0,14406 4.0,14417 2.0
1025 3.0,1028 1.0,1032 4.0,1048 3.0,1049 2.0,1052 3.0,1055 1.0,1059 1.0,1076 3.0,2125 1.0,2126 4.0,2127 1.0,2128 4.0,2131 2.0,2132 2.0,13333 3.0,14377 2.0,14403 3.0,14404 4.0,14405 4.0,14406 4.0,14417 2.0
1025 3.0,1028 1.0,1032 4.0,1048 3.0,1049 2.0,1052 3.0,1055 1.0,1059 1.0,1076 3.0,2125 1.0,2126 4.0,2127 1.0,2128 4.0,2131 2.0,2132 2.0,13333 3.0,14377 2.0,14403 3.0,14404 4.0,14405 4.0,14406 4.0,14417 2.0
1025 3.0,1028 1.0,1032 4.0,1048 3.0,1049 2.0,1052 3.0,1055 1.0,1059 1.0,1076 3.0,2125 1.0,2126 4.0,2127 1.0,2128 4.0,2131 2.0,2132 2.0,13333 3.0,14377 2.0,14403 3.0,14404 4.0,14405 4.0,14406 4.0,14417 2.0
1025 3.0,1028 1.0,1032 4.0,1048 3.0,1049 2.0,1052 3.0,1055 1.0,1059 1.0,1076 3.0,2125 1.0,2126 4.0,2127 1.0,2128 4.0,2131 2.0,2132 2.0,13333 3.0,14377 2.0,14403 3.0,14404 4.0,14405 4.0,14406 4.0,14417 2.0
1025 3.0,1028 1.0,1032 4.0,1048 3.0,1049 2.0,1052 3.0,1055 1.0,1059 1.0,1076 3.0,2125 1.0,2126 4.0,2127 1.0,2128 4.0,2131 2.0,2132 2.0,13333 3.0,14377 2.0,14403 3.0,14404 4.0,14405 4.0,14406 4.0,14417 2.0
1025 3.0,1028 1.0,1032 4.0,1048 3.0,1049 2.0,1052 3.0,1055 1.0,1059 1.0,1076 2.0,2125 1.0,2126 4.0,2127 1.0,2128 4.0,2131 2.0,2132 2.0,13333 3.0,14377 2.0,14403 3.0,14404 4.0,14405 4.0,14406 4.0,14417 2.0
1025 3.0,1028 1.0,1032 4.0,1048 3.0,1049 2.0,1052 3.0,1055 1.0,1059 1.0,1076 2.0,2125 1.0,2126 4.0,2127 1.0,2128 4.0,2131 2.0,2132 2.0,13333 3.0,14377 2.0,14403 3.0,14404 4.0,14405 4.0,14406 4.0,14417 2.0
1025 3.0,1028 1.0,1032 4.0,1048 3.0,1049 2.0,1052 3.0,1055 1.0,1059 1.0,1076 2.0,2125 1.0,2126 4.0,2127 1.0,2128 4.0,2131 2.0,2132 2.0,13333 3.0,14377 2.0,14403 3.0,14404 4.0,14405 4.0,14406 4.0,14417 2.0
1025 3.0,1028 1.0,1032 4.0,1048 3.0,1049 2.0,1052 3.0,1055 1.0,1059 1.0,1076 2.0,2125 1.0,2126 4.0,2127 1.0,2128 4.0,2131 2.0,2132 2.0,13333 3.0,14377 2.0,14403 3.0,14404 4.0,14405 4.0,14406 4.0,14417 3.0
1025 3.0,1028 1.0,1032 4.0,1048 3.0,1049 2.0,1052 3.0,1055 1.0,1059 1.0,1076 2.0,2125 1.0,2126 4.0,2127 1.0,2128 4.0,2131 2.0,2132 2.0,13333 3.0,14377 2.0,14403 3.0,14404 4.0,14405 4.0,14406 4.0,14417 3.0
1025 3.0,1028 1.0,1032 4.0,1048 2.0,1049 2.0,1052 3.0,1055 1.0,1059 1.0,1076 2.0,2125 1.0,2126 4.0,2127 1.0,2128 4.0,2131 2.0,2132 2.0,13333 3.0,14377 2.0,14403 3.0,14404 4.0,14405 4.0,14406 4.0,14417 3.0
1025 4.0,1028 1.0,1032 4.0,1048 2.0,1049 2.0,1052 3.0,1055 1.0,1059 1.0,1076 2.0,2125 1.0,2126 4.0,2127 1.0,2128 4.0,2131 2.0,2132 2.0,13333 3.0,14377 2.0,14403 3.0,14404 4.0,14405 4.0,14406 4.0,14417 3.0
1025 3.0,1028 1.0,1032 4.0,1048 3.0,1049 2.0,1052 3.0,1055 1.0,1059 1.0,1076 2.0,2125 1.0,2126 4.0,2127 1.0,2128 4.0,2131 2.0,2132 2.0,13333 3.0,14377 2.0,14403 3.0,14404 4.0,14405 4.0,14406 4.0,14417 3.0
1025 4.0,1028 1.0,1032 4.0,1048 3.0,1049 2.0,1052 3.0,1055 1.0,1059 1.0,1076 2.0,2125 1.0,2126 4.0,2127 1.0,2128 4.0,2131 2.0,2132 2.0,13333 3.0,14377 2.0,14403 3.0,14404 4.0,14405 4.0,14406 4.0,14417 3.0
1025 4.0,1028 1.0,1032 4.0,1048 2.0,1049 2.0,1052 3.0,1055 1.0,1059 1.0,1076 2.0,2125 1.0,2126 4.0,2127 1.0,2128 4.0,2131 2.0,2132 2.0,13333 3.0,14377 2.0,14403 3.0,14404 4.0,14405 4.0,14406 4.0,14417 3.0
1025 4.0,1028 1.0,1032 4.0,1048 2.0,1049 2.0,1052 3.0,1055 1.0,1059 1.0,1076 2.0,2125 1.0,2126 4.0,2127 1.0,2128 4.0,2131 2.0,2132 2.0,13333 3.0,14377 2.0,14403 3.0,14404 4.0,14405 4.0,14406 4.0,14417 3.0
1025 4.0,1028 1.0,1032 4.0,1048 2.0,1049 2.0,1052 4.0,1055 1.0,1059 1.0,1076 2.0,2125 1.0,2126 4.0,2127 1.0,2128 4.0,2131 2.0,2132 2.0,13333 3.0,14377 2.0,14403 3.0,14404 4.0,14405 4.0,14406 4.0,14417 3.0
1025 4.0,1028 1.0,1032 4.0,1048 2.0,1049 2.0,1052 4.0,1055 1.0,1059 1.0,1076 2.0,2125 1.0,2126 4.0,2127 1.0,2128 4.0,2131 2.0,2132 2.0,13333 3.0,14377 2.0,14403 3.0,14404 4.0,14405 4.0,14406 4.0,14417 3.0
1025 3.0,1028 1.0,1032 4.0,1048 2.0,1049 2.0,1052 4.0,1055 1.0,1059 1.0,1076 2.0,2125 1.0,2126 4.0,2127 1.0,2128 4.0,2131 2.0,2132 2.0,13333 3.0,14377 2.0,14403 3.0,14404 4.0,14405 4.0,14406 4.0,14417 3.0
1025 3.0,1028 1.0,1032 4.0,1048 2.0,1049 2.0,1052 4.0,1055 1.0,1059 1.0,1076 2.0,2125 1.0,2126 4.0,2127 1.0,2128 4.0,2131 2.0,2132 2.0,13333 3.0,14377 2.0,14403 3.0,14404 4.0,14405 4.0,14406 4.0,14417 3.0
1025 4.0,1028 1.0,1032 4.0,1048 2.0,1049 2.0,1052 4.0,1055 1.0,1059 1.0,1076 2.0,2125 1.0,2126 4.0,2127 1.0,2128 4.0,2131 2.0,2132 2.0,13333 3.0,14377 2.0,14403 3.0,14404 4.0,14405 4.0,14406 4.0,14417 3.0
1025 4.0,1028 1.0,1032 4.0,1048 2.0,1049 2.0,1052 4.0,1055 1.0,1059 1.0,1076 2.0,2125 1.0,2126 4.0,2127 1.0,2128 4.0,2131 2.0,2132 2.0,13333 3.0,14377 2.0,14403 3.0,14404 4.0,14405 4.0,14406 4.0,14417 3.0
1025 4.0,1028 1.0,1032 4.0,1048 2.0,1049 1.0,1052 4.0,1055 1.0,1059 1.0,1076 2.0,2125 1.0,2126 4.0,2127 1.0,2128 4.0,2131 2.0,2132 2.0,13333 3.0,14377 2.0,14403 3.0,14404 4.0,14405 4.0,14406 4.0,14417 3.0
1025 4.0,1028 1.0,1032 4.0,1048 2.0,1049 1.0,1052 4.0,1055 1.0,1059 1.0,1076 2.0,2125 1.0,2126 4.0,2127 1.0,2128 4.0,2131 2.0,2132 2.0,13333 3.0,14377 2.0,14403 3.0,14404 4.0,14405 4.0,14406 4.0,14417 3.0
1025 4.0,1028 1.0,1032 4.0,1048 2.0,1049 1.0,1052 4.0,1055 1.0,1059 1.0,1076 2.0,2125 1.0,2126 4.0,2127 1.0,2128 4.0,2131 2.0,2132 2.0,13333 3.0,14377 2.0,14403 3.0,14404 4.0,14405 4.0,14406 4.0,14417 3.0
1025 4.0,1028 1.0,1032 4.0,1048 2.0,1049 1.0,1052 4.0,1055 1.0,1059 1.0,1076 2.0,2125 1.0,2126 4.0,2127 1.0,2128 4.0,2131 2.0,2132 2.0,13333 3.0,14377 2.0,14403 3.0,14404 4.0,14405 4.0,14406 4.0,14417 3.0
1025 4.0,1028 1.0,1032 4.0,1048 2.0,1049 1.0,1052 4.0,1055 1.0,1059 1.0,1076 1.0,2125 1.0,2126 4.0,2127 1.0,2128 4.0,2131 2.0,2132 2.0,13333 3.0,14377 2.0,14403 3.0,14404 4.0,14405 4.0,14406 4.0,14417 3.0
1025 3.0,1028 1.0,1032 4.0,1048 2.0,1049 1.0,1052 4.0,1055 1.0,1059 1.0,1076 1.0,2125 1.0,2126 4.0,2127 1.0,2128 4.0,2131 2.0,2132 2.0,13333 3.0,14377 2.0,14403 3.0,14404 4.0,14405 4.0,14406 4.0,14417 3.0
1025 2.0,1028 1.0,1032 4.0,1048 4.0,1049 3.0,1052 3.0,1055 1.0,1059 1.0,1076 4.0,2125 1.0,2126 4.0,2127 1.0,2128 4.0,2131 2.0,2132 2.0,13333 3.0,14377 2.0,14403 3.0,14404 4.0,14405 4.0,14406 4.0,14417 2.0
1025 3.0,1028 1.0,1032 4.0,1048 4.0,1049 3.0,1052 3.0,1055 1.0,1059 1.0,1076 4.0,2125 1.0,2126 4.0,2127 1.0,2128 4.0,2131 2.0,2132 2.0,13333 3.0,14377 2.0,14403 3.0,14404 4.0,14405 4.0,14406 4.0,14417 2.0
1025 3.0,1028 1.0,1032 4.0,1048 4.0,1049 3.0,1052 3.0,1055 1.0,1059 1.0,1076 4.0,2125 1.0,2126 4.0,2127 1.0,2128 4.0,2131 2.0,2132 2.0,13333 3.0,14377 2.0,14403 3.0,14404 4.0,14405 4.0,14406 4.0,14417 2.0
1025 3.0,1028 1.0,1032 4.0,1048 4.0,1049 3.0,1052 3.0,1055 1.0,1059 1.0,1076 4.0,2125 1.0,2126 4.0,2127 1.0,2128 4.0,2131 2.0,2132 2.0,13333 3.0,14377 2.0,14403 3.0,14404 4.0,14405 4.0,14406 4.0,14417 2.0
1025 3.0,1028 1.0,1032 4.0,1048 4.0,1049 3.0,1052 3.0,1055 1.0,1059 1.0,1076 4.0,2125 1.0,2126 4.0,2127 1.0,2128 4.0,2131 2.0,2132 2.0,13333 3.0,14377 2.0,14403 3.0,14404 4.0,14405 4.0,14406 4.0,14417 2.0
1025 3.0,1028 1.0,1032 4.0,1048 4.0,1049 3.0,1052 3.0,1055 1.0,1059 1.0,1076 3.0,2125 1.0,2126 4.0,2127 1.0,2128 4.0,2131 2.0,2132 2.0,13333 3.0,14377 2.0,14403 3.0,14404 4.0,14405 4.0,14406 4.0,14417 2.0
1025 3.0,1028 1.0,1032 4.0,1048 4.0,1049 3.0,1052 3.0,1055 1.0,1059 1.0,1076 3.0,2125 1.0,2126 4.0,2127 1.0,2128 4.0,2131 2.0,2132 2.0,13333 3.0,14377 2.0,14403 3.0,14404 4.0,14405 4.0,14406 4.0,14417 2.0
1025 3.0,1028 1.0,1032 4.0,1048 4.0,1049 3.0,1052 3.0,1055 1.0,1059 1.0,1076 3.0,2125 1.0,2126 4.0,2127 1.0,2128 4.0,2131 2.0,2132 2.0,13333 3.0,14377 2.0,14403 3.0,14404 4.0,14405 4.0,14406 4.0,14417 2.0
1025 3.0,1028 1.0,1032 4.0,1048 4.0,1049 3.0,1052 3.0,1055 1.0,1059 1.0,1076 3.0,2125 1.0,2126 4.0,2127 1.0,2128 4.0,2131 2.0,2132 2.0,13333 3.0,14377 2.0,14403 3.0,14404 4.0,14405 4.0,14406 4.0,14417 2.0
1025 3.0,1028 1.0,1032 4.0,1048 4.0,1049 3.0,1052 3.0,1055 1.0,1059 1.0,1076 3.0,2125 1.0,2126 4.0,2127 1.0,2128 4.0,2131 2.0,2132 2.0,13333 3.0,14377 2.0,14403 3.0,14404 4.0,14405 4.0,14406 4.0,14417 2.0
1025 3.0,1028 1.0,1032 4.0,1048 4.0,1049 3.0,1052 3.0,1055 1.0,1059 1.0,1076 3.0,2125 1.0,2126 4.0,2127 1.0,2128 4.0,2131 2.0,2132 2.0,13333 3.0,14377 2.0,14403 3.0,14404 4.0,14405 4.0,14406 4.0,14417 2.0
1025 3.0,1028 1.0,1032 4.0,1048 4.0,1049 3.0,1052 3.0,1055 1.0,1059 1.0,1076 3.0,2125 1.0,2126 4.0,2127 1.0,2128 4.0,2131 2.0,2132 2.0,13333 3.0,14377 2.0,14403 3.0,14404 4.0,14405 4.0,14406 4.0,14417 2.0
1025 3.0,1028 1.0,1032 4.0,1048 3.0,1049 3.0,1052 3.0,1055 1.0,1059 1.0,1076 3.0,2125 1.0,2126 4.0,2127 1.0,2128 4.0,2131 2.0,2132 1.0,13333 3.0,14377 2.0,14403 3.0,14404 4.0,14405 4.0,14406 4.0,14417 2.0
1025 3.0,1028 1.0,1032 4.0,1048 3.0,1049 3.0,1052 3.0,1055 1.0,1059 1.0,1076 3.0,2125 1.0,2126 4.0,2127 1.0,2128 4.0,2131 2.0,2132 2.0,13333 3.0,14377 2.0,14403 3.0,14404 4.0,14405 4.0,14406 4.0,14417 2.0
1025 3.0,1028 1.0,1032 4.0,1048 3.0,1049 3.0,1052 3.0,1055 1.0,1059 1.0,1076 3.0,2125 1.0,2126 4.0,2127 1.0,2128 4.0,2131 2.0,2132 2.0,13333 3.0,14377 2.0,14403 3.0,14404 4.0,14405 4.0,14406 4.0,14417 2.0
1025 3.0,1028 1.0,1032 4.0,1048 3.0,1049 3.0,1052 3.0,1055 1.0,1059 1.0,1076 3.0,2125 1.0,2126 4.0,2127 1.0,2128 4.0,2131 2.0,2132 2.0,13333 3.0,14377 2.0,14403 3.0,14404 4.0,14405 4.0,14406 4.0,14417 2.0
1025 3.0,1028 1.0,1032 4.0,1048 3.0,1049 3.0,1052 3.0,1055 1.0,1059 1.0,1076 3.0,2125 1.0,2126 4.0,2127 1.0,2128 4.0,2131 2.0,2132 2.0,13333 3.0,14377 2.0,14403 3.0,14404 4.0,14405 4.0,14406 4.0,14417 2.0
1025 3.0,1028 1.0,1032 4.0,1048 3.0,1049 2.0,1052 3.0,1055 1.0,1059 1.0,1076 3.0,2125 1.0,2126 4.0,2127 1.0,2128 4.0,2131 2.0,2132 2.0,13333 3.0,14377 2.0,14403 3.0,14404 4.0,14405 4.0,14406 4.0,14417 2.0
1025 3.0,1028 1.0,1032 4.0,1048 3.0,1049 2.0,1052 3.0,1055 1.0,1059 1.0,1076 2.0,2125 1.0,2126 4.0,2127 1.0,2128 4.0,2131 2.0,2132 2.0,13333 3.0,14377 2.0,14403 3.0,14404 4.0,14405 4.0,14406 4.0,14417 3.0
1025 3.0,1028 1.0,1032 4.0,1048 2.0,1049 2.0,1052 3.0,1055 1.0,1059 1.0,1076 2.0,2125 1.0,2126 4.0,2127 1.0,2128 4.0,2131 2.0,2132 2.0,13333 3.0,14377 2.0,14403 3.0,14404 4.0,14405 4.0,14406 4.0,14417 3.0
1025 3.0,1028 1.0,1032 4.0,1048 2.0,1049 2.0,1052 4.0,1055 1.0,1059 1.0,1076 2.0,2125 1.0,2126 4.0,2127 1.0,2128 4.0,2131 2.0,2132 2.0,13333 3.0,14377 2.0,14403 3.0,14404 4.0,14405 4.0,14406 4.0,14417 3.0
1025 4.0,1028 1.0,1032 4.0,1048 2.0,1049 2.0,1052 3.0,1055 1.0,1059 1.0,1076 2.0,2125 1.0,2126 4.0,2127 1.0,2128 4.0,2131 2.0,2132 2.0,13333 3.0,14377 2.0,14403 3.0,14404 4.0,14405 4.0,14406 4.0,14417 3.0
1025 3.0,1028 1.0,1032 4.0,1048 2.0,1049 2.0,1052 3.0,1055 1.0,1059 1.0,1076 2.0,2125 1.0,2126 4.0,2127 1.0,2128 4.0,2131 2.0,2132 2.0,13333 3.0,14377 2.0,14403 3.0,14404 4.0,14405 4.0,14406 4.0,14417 3.0
1025 3.0,1028 1.0,1032 4.0,1048 2.0,1049 2.0,1052 3.0,1055 1.0,1059 1.0,1076 2.0,2125 1.0,2126 4.0,2127 1.0,2128 4.0,2131 2.0,2132 2.0,13333 3.0,14377 2.0,14403 3.0,14404 4.0,14405 4.0,14406 4.0,14417 3.0
1025 3.0,1028 1.0,1032 4.0,1048 4.0,1049 3.0,1052 3.0,1055 1.0,1059 1.0,1076 3.0,2125 1.0,2126 4.0,2127 1.0,2128 4.0,2131 2.0,2132 2.0,13333 3.0,14377 2.0,14403 3.0,14404 4.0,14405 4.0,14406 4.0,14417 2.0
1025 3.0,1028 1.0,1032 4.0,1048 3.0,1049 2.0,1052 3.0,1055 1.0,1059 1.0,1076 3.0,2125 1.0,2126 4.0,2127 1.0,2128 4.0,2131 2.0,2132 2.0,13333 3.0,14377 2.0,14403 3.0,14404 4.0,14405 4.0,14406 4.0,14417 3.0
1025 3.0,1028 1.0,1032 4.0,1048 4.0,1049 3.0,1052 3.0,1055 1.0,1059 1.0,1076 3.0,2125 1.0,2126 4.0,2127 1.0,2128 4.0,2131 2.0,2132 2.0,13333 3.0,14377 2.0,14403 3.0,14404 4.0,14405 4.0,14406 4.0,14417 2.0
1025 3.0,1028 1.0,1032 4.0,1048 4.0,1049 3.0,1052 3.0,1055 1.0,1059 1.0,1076 3.0,2125 1.0,2126 4.0,2127 1.0,2128 4.0,2131 2.0,2132 2.0,13333 3.0,14377 2.0,14403 3.0,14404 4.0,14405 4.0,14406 4.0,14417 2.0
1025 3.0,1028 1.0,1032 4.0,1048 4.0,1049 3.0,1052 3.0,1055 1.0,1059 1.0,1076 3.0,2125 1.0,2126 4.0,2127 1.0,2128 4.0,2131 2.0,2132 2.0,13333 3.0,14377 2.0,14403 3.0,14404 4.0,14405 4.0,14406 4.0,14417 2.0
1025 3.0,1028 1.0,1032 4.0,1048 4.0,1049 3.0,1052 3.0,1055 1.0,1059 1.0,1076 3.0,2125 1.0,2126 4.0,2127 1.0,2128 4.0,2131 2.0,2132 2.0,13333 3.0,14377 2.0,14403 3.0,14404 4.0,14405 4.0,14406 4.0,14417 2.0
1025 3.0,1028 1.0,1032 4.0,1048 4.0,1049 3.0,1052 3.0,1055 1.0,1059 1.0,1076 3.0,2125 1.0,2126 4.0,2127 1.0,2128 4.0,2131 2.0,2132 2.0,13333 3.0,14377 2.0,14403 3.0,14404 4.0,14405 4.0,14406 4.0,14417 2.0
1025 3.0,1028 1.0,1032 4.0,1048 4.0,1049 3.0,1052 3.0,1055 1.0,1059 1.0,1076 3.0,2125 1.0,2126 4.0,2127 1.0,2128 4.0,2131 2.0,2132 2.0,13333 3.0,14377 2.0,14403 3.0,14404 4.0,14405 4.0,14406 4.0,14417 2.0
1025 3.0,1028 1.0,1032 4.0,1048 4.0,1049 3.0,1052 3.0,1055 1.0,1059 1.0,1076 3.0,2125 1.0,2126 4.0,2127 1.0,2128 4.0,2131 2.0,2132 2.0,13333 3.0,14377 2.0,14403 3.0,14404 4.0,14405 4.0,14406 4.0,14417 2.0
1025 3.0,1028 1.0,1032 4.0,1048 3.0,1049 3.0,1052 3.0,1055 1.0,1059 1.0,1076 3.0,2125 1.0,2126 4.0,2127 1.0,2128 4.0,2131 2.0,2132 2.0,13333 3.0,14377 2.0,14403 3.0,14404 4.0,14405 4.0,14406 4.0,14417 2.0
1025 3.0,1028 1.0,1032 4.0,1048 3.0,1049 3.0,1052 3.0,1055 1.0,1059 1.0,1076 3.0,2125 1.0,2126 4.0,2127 1.0,2128 4.0,2131 2.0,2132 2.0,13333 3.0,14377 2.0,14403 3.0,14404 4.0,14405 4.0,14406 4.0,14417 2.0
1025 3.0,1028 1.0,1032 4.0,1048 3.0,1049 2.0,1052 3.0,1055 1.0,1059 1.0,1076 3.0,2125 1.0,2126 4.0,2127 1.0,2128 4.0,2131 2.0,2132 2.0,13333 3.0,14377 2.0,14403 3.0,14404 4.0,14405 4.0,14406 4.0,14417 2.0
1025 3.0,1028 1.0,1032 4.0,1048 3.0,1049 2.0,1052 3.0,1055 1.0,1059 1.0,1076 3.0,2125 1.0,2126 4.0,2127 1.0,2128 4.0,2131 2.0,2132 2.0,13333 3.0,14377 2.0,14403 3.0,14404 4.0,14405 4.0,14406 4.0,14417 2.0
1025 3.0,1028 1.0,1032 4.0,1048 3.0,1049 2.0,1052 3.0,1055 1.0,1059 1.0,1076 3.0,2125 1.0,2126 4.0,2127 1.0,2128 4.0,2131 2.0,2132 2.0,13333 3.0,14377 2.0,14403 3.0,14404 4.0,14405 4.0,14406 4.0,14417 2.0
1025 3.0,1028 1.0,1032 4.0,1048 4.0,1049 3.0,1052 2.0,1055 1.0,1059 1.0,1076 4.0,2125 1.0,2126 4.0,2127 1.0,2128 4.0,2131 2.0,2132 2.0,13333 3.0,14377 2.0,14403 3.0,14404 4.0,14405 4.0,14406 4.0,14417 2.0
1025 3.0,1028 1.0,1032 4.0,1048 4.0,1049 3.0,1052 3.0,1055 1.0,1059 1.0,1076 4.0,2125 1.0,2126 4.0,2127 1.0,2128 4.0,2131 2.0,2132 2.0,13333 3.0,14377 2.0,14403 3.0,14404 4.0,14405 4.0,14406 4.0,14417 2.0
1025 3.0,1028 1.0,1032 4.0,1048 4.0,1049 3.0,1052 3.0,1055 1.0,1059 1.0,1076 4.0,2125 1.0,2126 4.0,2127 1.0,2128 4.0,2131 2.0,2132 2.0,13333 3.0,14377 2.0,14403 3.0,14404 4.0,14405 4.0,14406 4.0,14417 2.0
1025 3.0,1028 1.0,1032 4.0,1048 4.0,1049 3.0,1052 3.0,1055 1.0,1059 1.0,1076 4.0,2125 1.0,2126 4.0,2127 1.0,2128 4.0,2131 2.0,2132 2.0,13333 3.0,14377 2.0,14403 3.0,14404 4.0,14405 4.0,14406 4.0,14417 2.0
1025 3.0,1028 1.0,1032 4.0,1048 3.0,1049 3.0,1052 3.0,1055 1.0,1059 1.0,1076 3.0,2125 1.0,2126 4.0,2127 1.0,2128 4.0,2131 2.0,2132 2.0,13333 3.0,14377 2.0,14403 3.0,14404 4.0,14405 4.0,14406 4.0,14417 2.0
1025 3.0,1028 1.0,1032 4.0,1048 3.0,1049 3.0,1052 3.0,1055 1.0,1059 1.0,1076 3.0,2125 1.0,2126 4.0,2127 1.0,2128 4.0,2131 2.0,2132 2.0,13333 3.0,14377 2.0,14403 3.0,14404 4.0,14405 4.0,14406 4.0,14417 2.0
1025 3.0,1028 1.0,1032 4.0,1048 2.0,1049 2.0,1052 3.0,1055 1.0,1059 1.0,1076 2.0,2125 1.0,2126 4.0,2127 1.0,2128 4.0,2131 2.0,2132 2.0,13333 3.0,14377 2.0,14403 3.0,14404 4.0,14405 4.0,14406 4.0,14417 3.0
1025 3.0,1028 1.0,1032 4.0,1048 4.0,1049 3.0,1052 3.0,1055 1.0,1059 1.0,1076 3.0,2125 1.0,2126 4.0,2127 1.0,2128 4.0,2131 2.0,2132 2.0,13333 3.0,14377 2.0,14403 3.0,14404 4.0,14405 4.0,14406 4.0,14417 2.0
1025 3.0,1028 1.0,1032 4.0,1048 4.0,1049 3.0,1052 3.0,1055 1.0,1059 1.0,1076 3.0,2125 1.0,2126 4.0,2127 1.0,2128 4.0,2131 2.0,2132 2.0,13333 3.0,14377 2.0,14403 3.0,14404 4.0,14405 4.0,14406 4.0,14417 2.0
1025 3.0,1028 1.0,1032 4.0,1048 4.0,1049 3.0,1052 3.0,1055 1.0,1059 1.0,1076 3.0,2125 1.0,2126 4.0,2127 1.0,2128 4.0,2131 2.0,2132 2.0,13333 3.0,14377 2.0,14403 3.0,14404 4.0,14405 4.0,14406 4.0,14417 2.0
1025 3.0,1028 1.0,1032 4.0,1048 4.0,1049 3.0,1052 3.0,1055 1.0,1059 1.0,1076 3.0,2125 1.0,2126 4.0,2127 1.0,2128 4.0,2131 2.0,2132 2.0,13333 3.0,14377 2.0,14403 3.0,14404 4.0,14405 4.0,14406 4.0,14417 2.0
1025 3.0,1028 1.0,1032 4.0,1048 4.0,1049 3.0,1052 3.0,1055 1.0,1059 1.0,1076 3.0,2125 1.0,2126 4.0,2127 1.0,2128 4.0,2131 2.0,2132 1.0,13333 3.0,14377 2.0,14403 3.0,14404 4.0,14405 4.0,14406 4.0,14417 2.0
1025 3.0,1028 1.0,1032 4.0,1048 4.0,1049 3.0,1052 3.0,1055 1.0,1059 1.0,1076 3.0,2125 1.0,2126 4.0,2127 1.0,2128 4.0,2131 2.0,2132 2.0,13333 3.0,14377 2.0,14403 3.0,14404 4.0,14405 4.0,14406 4.0,14417 2.0
1025 4.0,1028 1.0,1032 4.0,1048 4.0,1049 3.0,1052 3.0,1055 1.0,1059 1.0,1076 3.0,2125 1.0,2126 4.0,2127 1.0,2128 4.0,2131 2.0,2132 2.0,13333 3.0,14377 2.0,14403 3.0,14404 4.0,14405 4.0,14406 4.0,14417 2.0
1025 3.0,1028 1.0,1032 4.0,1048 4.0,1049 3.0,1052 3.0,1055 1.0,1059 1.0,1076 3.0,2125 1.0,2126 4.0,2127 1.0,2128 4.0,2131 2.0,2132 2.0,13333 3.0,14377 2.0,14403 3.0,14404 4.0,14405 4.0,14406 4.0,14417 2.0
1025 3.0,1028 1.0,1032 4.0,1048 4.0,1049 3.0,1052 3.0,1055 1.0,1059 1.0,1076 3.0,2125 1.0,2126 4.0,2127 1.0,2128 4.0,2131 2.0,2132 2.0,13333 3.0,14377 2.0,14403 3.0,14404 4.0,14405 4.0,14406 4.0,14417 2.0
1025 3.0,1028 1.0,1032 4.0,1048 3.0,1049 3.0,1052 3.0,1055 1.0,1059 1.0,1076 3.0,2125 1.0,2126 4.0,2127 1.0,2128 4.0,2131 2.0,2132 2.0,13333 3.0,14377 2.0,14403 3.0,14404 4.0,14405 4.0,14406 4.0,14417 2.0
1025 3.0,1028 1.0,1032 4.0,1048 3.0,1049 3.0,1052 3.0,1055 1.0,1059 1.0,1076 3.0,2125 1.0,2126 4.0,2127 1.0,2128 4.0,2131 2.0,2132 2.0,13333 3.0,14377 2.0,14403 3.0,14404 4.0,14405 4.0,14406 4.0,14417 2.0
1025 3.0,1028 1.0,1032 4.0,1048 3.0,1049 3.0,1052 3.0,1055 1.0,1059 1.0,1076 3.0,2125 1.0,2126 4.0,2127 1.0,2128 4.0,2131 2.0,2132 2.0,13333 3.0,14377 2.0,14403 3.0,14404 4.0,14405 4.0,14406 4.0,14417 2.0
1025 3.0,1028 1.0,1032 4.0,1048 3.0,1049 2.0,1052 3.0,1055 1.0,1059 1.0,1076 3.0,2125 1.0,2126 4.0,2127 1.0,2128 4.0,2131 2.0,2132 1.0,13333 3.0,14377 2.0,14403 3.0,14404 4.0,14405 4.0,14406 4.0,14417 3.0
1025 3.0,1028 1.0,1032 4.0,1048 3.0,1049 2.0,1052 3.0,1055 1.0,1059 1.0,1076 3.0,2125 1.0,2126 4.0,2127 1.0,2128 4.0,2131 2.0,2132 1.0,13333 3.0,14377 2.0,14403 3.0,14404 4.0,14405 4.0,14406 4.0,14417 3.0
1025 3.0,1028 1.0,1032 4.0,1048 3.0,1049 2.0,1052 3.0,1055 1.0,1059 1.0,1076 3.0,2125 1.0,2126 4.0,2127 1.0,2128 4.0,2131 2.0,2132 2.0,13333 3.0,14377 2.0,14403 3.0,14404 4.0,14405 4.0,14406 4.0,14417 3.0
1025 3.0,1028 1.0,1032 4.0,1048 3.0,1049 2.0,1052 3.0,1055 1.0,1059 1.0,1076 3.0,2125 1.0,2126 4.0,2127 1.0,2128 4.0,2131 2.0,2132 2.0,13333 3.0,14377 2.0,14403 3.0,14404 4.0,14405 4.0,14406 4.0,14417 3.0
1025 3.0,1028 1.0,1032 4.0,1048 3.0,1049 2.0,1052 3.0,1055 1.0,1059 1.0,1076 3.0,2125 1.0,2126 4.0,2127 1.0,2128 4.0,2131 2.0,2132 2.0,13333 3.0,14377 2.0,14403 3.0,14404 4.0,14405 4.0,14406 4.0,14417 3.0
1025 3.0,1028 1.0,1032 4.0,1048 3.0,1049 2.0,1052 3.0,1055 1.0,1059 1.0,1076 2.0,2125 1.0,2126 4.0,2127 1.0,2128 4.0,2131 2.0,2132 2.0,13333 3.0,14377 2.0,14403 3.0,14404 4.0,14405 4.0,14406 4.0,14417 3.0
1025 3.0,1028 1.0,1032 4.0,1048 3.0,1049 2.0,1052 3.0,1055 1.0,1059 1.0,1076 2.0,2125 1.0,2126 4.0,2127 1.0,2128 4.0,2131 2.0,2132 2.0,13333 3.0,14377 2.0,14403 3.0,14404 4.0,14405 4.0,14406 4.0,14417 3.0
1025 3.0,1028 1.0,1032 4.0,1048 3.0,1049 2.0,1052 3.0,1055 1.0,1059 1.0,1076 2.0,2125 1.0,2126 4.0,2127 1.0,2128 4.0,2131 2.0,2132 1.0,13333 3.0,14377 2.0,14403 3.0,14404 4.0,14405 4.0,14406 4.0,14417 3.0
1025 3.0,1028 1.0,1032 4.0,1048 3.0,1049 2.0,1052 3.0,1055 1.0,1059 1.0,1076 2.0,2125 1.0,2126 4.0,2127 1.0,2128 4.0,2131 2.0,2132 1.0,13333 3.0,14377 2.0,14403 3.0,14404 4.0,14405 4.0,14406 4.0,14417 3.0
1025 3.0,1028 1.0,1032 4.0,1048 3.0,1049 2.0,1052 3.0,1055 1.0,1059 1.0,1076 2.0,2125 1.0,2126 4.0,2127 1.0,2128 4.0,2131 2.0,2132 2.0,13333 3.0,14377 2.0,14403 3.0,14404 4.0,14405 4.0,14406 4.0,14417 3.0
1025 3.0,1028 1.0,1032 4.0,1048 3.0,1049 2.0,1052 3.0,1055 1.0,1059 1.0,1076 2.0,2125 1.0,2126 4.0,2127 1.0,2128 4.0,2131 2.0,2132 2.0,13333 3.0,14377 2.0,14403 3.0,14404 4.0,14405 4.0,14406 4.0,14417 3.0
1025 3.0,1028 1.0,1032 4.0,1048 3.0,1049 2.0,1052 3.0,1055 1.0,1059 1.0,1076 2.0,2125 1.0,2126 4.0,2127 1.0,2128 4.0,2131 2.0,2132 2.0,13333 3.0,14377 2.0,14403 3.0,14404 4.0,14405 4.0,14406 4.0,14417 3.0
1025 3.0,1028 1.0,1032 4.0,1048 3.0,1049 2.0,1052 4.0,1055 1.0,1059 1.0,1076 3.0,2125 1.0,2126 4.0,2127 1.0,2128 4.0,2131 2.0,2132 2.0,13333 3.0,14377 2.0,14403 3.0,14404 4.0,14405 4.0,14406 4.0,14417 3.0
1025 4.0,1028 1.0,1032 4.0,1048 3.0,1049 2.0,1052 4.0,1055 1.0,1059 1.0,1076 2.0,2125 1.0,2126 4.0,2127 1.0,2128 4.0,2131 2.0,2132 2.0,13333 3.0,14377 2.0,14403 3.0,14404 4.0,14405 4.0,14406 4.0,14417 3.0
1025 3.0,1028 1.0,1032 4.0,1048 3.0,1049 2.0,1052 3.0,1055 1.0,1059 1.0,1076 2.0,2125 1.0,2126 4.0,2127 1.0,2128 4.0,2131 2.0,2132 2.0,13333 3.0,14377 2.0,14403 3.0,14404 4.0,14405 4.0,14406 4.0,14417 3.0
1025 3.0,1028 1.0,1032 4.0,1048 3.0,1049 2.0,1052 4.0,1055 1.0,1059 1.0,1076 2.0,2125 1.0,2126 4.0,2127 1.0,2128 4.0,2131 2.0,2132 2.0,13333 3.0,14377 2.0,14403 3.0,14404 4.0,14405 4.0,14406 4.0,14417 3.0
1025 3.0,1028 1.0,1032 4.0,1048 3.0,1049 2.0,1052 4.0,1055 1.0,1059 1.0,1076 2.0,2125 1.0,2126 4.0,2127 1.0,2128 4.0,2131 2.0,2132 2.0,13333 3.0,14377 2.0,14403 3.0,14404 4.0,14405 4.0,14406 4.0,14417 3.0
1025 3.0,1028 1.0,1032 4.0,1048 3.0,1049 2.0,1052 4.0,1055 1.0,1059 1.0,1076 2.0,2125 1.0,2126 4.0,2127 1.0,2128 4.0,2131 2.0,2132 2.0,13333 3.0,14377 2.0,14403 3.0,14404 4.0,14405 4.0,14406 4.0,14417 3.0
1025 3.0,1028 1.0,1032 4.0,1048 3.0,1049 2.0,1052 3.0,1055 1.0,1059 1.0,1076 2.0,2125 1.0,2126 4.0,2127 1.0,2128 4.0,2131 2.0,2132 2.0,13333 3.0,14377 2.0,14403 3.0,14404 4.0,14405 4.0,14406 4.0,14417 3.0
1025 3.0,1028 1.0,1032 4.0,1048 4.0,1049 3.0,1052 3.0,1055 1.0,1059 1.0,1076 3.0,2125 1.0,2126 4.0,2127 1.0,2128 4.0,2131 2.0,2132 2.0,13333 3.0,14377 2.0,14403 3.0,14404 4.0,14405 4.0,14406 4.0,14417 2.0
1025 3.0,1028 1.0,1032 4.0,1048 4.0,1049 3.0,1052 3.0,1055 1.0,1059 1.0,1076 3.0,2125 1.0,2126 4.0,2127 1.0,2128 4.0,2131 2.0,2132 2.0,13333 3.0,14377 2.0,14403 3.0,14404 4.0,14405 4.0,14406 4.0,14417 2.0
1025 3.0,1028 1.0,1032 4.0,1048 4.0,1049 3.0,1052 3.0,1055 1.0,1059 1.0,1076 3.0,2125 1.0,2126 4.0,2127 1.0,2128 4.0,2131 2.0,2132 2.0,13333 3.0,14377 2.0,14403 3.0,14404 4.0,14405 4.0,14406 4.0,14417 2.0
1025 3.0,1028 1.0,1032 4.0,1048 4.0,1049 3.0,1052 3.0,1055 1.0,1059 1.0,1076 3.0,2125 1.0,2126 4.0,2127 1.0,2128 4.0,2131 2.0,2132 2.0,13333 3.0,14377 2.0,14403 3.0,14404 4.0,14405 4.0,14406 4.0,14417 2.0
1025 4.0,1028 1.0,1032 4.0,1048 4.0,1049 3.0,1052 3.0,1055 1.0,1059 1.0,1076 3.0,2125 1.0,2126 4.0,2127 1.0,2128 4.0,2131 2.0,2132 1.0,13333 3.0,14377 2.0,14403 3.0,14404 4.0,14405 4.0,14406 4.0,14417 2.0
1025 3.0,1028 1.0,1032 4.0,1048 4.0,1049 3.0,1052 3.0,1055 1.0,1059 1.0,1076 3.0,2125 1.0,2126 4.0,2127 1.0,2128 4.0,2131 2.0,2132 2.0,13333 3.0,14377 2.0,14403 3.0,14404 4.0,14405 4.0,14406 4.0,14417 2.0
1025 3.0,1028 1.0,1032 4.0,1048 4.0,1049 3.0,1052 3.0,1055 1.0,1059 1.0,1076 3.0,2125 1.0,2126 4.0,2127 1.0,2128 4.0,2131 2.0,2132 2.0,13333 3.0,14377 2.0,14403 3.0,14404 4.0,14405 4.0,14406 4.0,14417 2.0
1025 3.0,1028 1.0,1032 4.0,1048 4.0,1049 3.0,1052 3.0,1055 1.0,1059 1.0,1076 3.0,2125 1.0,2126 4.0,2127 1.0,2128 4.0,2131 2.0,2132 2.0,13333 3.0,14377 2.0,14403 3.0,14404 4.0,14405 4.0,14406 4.0,14417 2.0
1025 3.0,1028 1.0,1032 4.0,1048 3.0,1049 3.0,1052 3.0,1055 1.0,1059 1.0,1076 3.0,2125 1.0,2126 4.0,2127 1.0,2128 4.0,2131 2.0,2132 2.0,13333 3.0,14377 2.0,14403 3.0,14404 4.0,14405 4.0,14406 4.0,14417 2.0
1025 3.0,1028 1.0,1032 4.0,1048 3.0,1049 3.0,1052 3.0,1055 1.0,1059 1.0,1076 3.0,2125 1.0,2126 4.0,2127 1.0,2128 4.0,2131 2.0,2132 2.0,13333 3.0,14377 2.0,14403 3.0,14404 4.0,14405 4.0,14406 4.0,14417 3.0
1025 3.0,1028 1.0,1032 4.0,1048 3.0,1049 3.0,1052 3.0,1055 1.0,1059 1.0,1076 3.0,2125 1.0,2126 4.0,2127 1.0,2128 4.0,2131 2.0,2132 1.0,13333 3.0,14377 2.0,14403 3.0,14404 4.0,14405 4.0,14406 4.0,14417 3.0
1025 3.0,1028 1.0,1032 4.0,1048 3.0,1049 3.0,1052 3.0,1055 1.0,1059 1.0,1076 3.0,2125 1.0,2126 4.0,2127 1.0,2128 4.0,2131 2.0,2132 1.0,13333 3.0,14377 2.0,14403 3.0,14404 4.0,14405 4.0,14406 4.0,14417 3.0
1025 3.0,1028 1.0,1032 4.0,1048 3.0,1049 3.0,1052 3.0,1055 1.0,1059 1.0,1076 3.0,2125 1.0,2126 4.0,2127 1.0,2128 4.0,2131 2.0,2132 2.0,13333 3.0,14377 2.0,14403 3.0,14404 4.0,14405 4.0,14406 4.0,14417 3.0
1025 3.0,1028 1.0,1032 4.0,1048 3.0,1049 3.0,1052 3.0,1055 1.0,1059 1.0,1076 3.0,2125 1.0,2126 4.0,2127 1.0,2128 4.0,2131 2.0,2132 2.0,13333 3.0,14377 2.0,14403 3.0,14404 4.0,14405 4.0,14406 4.0,14417 3.0
1025 3.0,1028 1.0,1032 4.0,1048 3.0,1049 2.0,1052 3.0,1055 1.0,1059 1.0,1076 3.0,2125 1.0,2126 4.0,2127 1.0,2128 4.0,2131 2.0,2132 2.0,13333 3.0,14377 2.0,14403 3.0,14404 4.0,14405 4.0,14406 4.0,14417 2.0
1025 3.0,1028 1.0,1032 4.0,1048 3.0,1049 2.0,1052 3.0,1055 1.0,1059 1.0,1076 3.0,2125 1.0,2126 4.0,2127 1.0,2128 4.0,2131 2.0,2132 2.0,13333 3.0,14377 2.0,14403 3.0,14404 4.0,14405 4.0,14406 4.0,14417 3.0
1025 3.0,1028 1.0,1032 4.0,1048 3.0,1049 2.0,1052 3.0,1055 1.0,1059 1.0,1076 3.0,2125 1.0,2126 4.0,2127 1.0,2128 4.0,2131 2.0,2132 2.0,13333 3.0,14377 2.0,14403 3.0,14404 4.0,14405 4.0,14406 4.0,14417 3.0
1025 3.0,1028 1.0,1032 4.0,1048 3.0,1049 2.0,1052 3.0,1055 1.0,1059 1.0,1076 2.0,2125 1.0,2126 4.0,2127 1.0,2128 4.0,2131 2.0,2132 2.0,13333 3.0,14377 2.0,14403 3.0,14404 4.0,14405 4.0,14406 4.0,14417 3.0
1025 3.0,1028 1.0,1032 4.0,1048 2.0,1049 2.0,1052 4.0,1055 1.0,1059 1.0,1076 2.0,2125 1.0,2126 4.0,2127 1.0,2128 4.0,2131 2.0,2132 2.0,13333 3.0,14377 2.0,14403 3.0,14404 4.0,14405 4.0,14406 4.0,14417 3.0
1025 4.0,1028 1.0,1032 4.0,1048 2.0,1049 2.0,1052 4.0,1055 1.0,1059 1.0,1076 2.0,2125 1.0,2126 4.0,2127 1.0,2128 4.0,2131 2.0,2132 1.0,13333 3.0,14377 2.0,14403 3.0,14404 4.0,14405 4.0,14406 4.0,14417 3.0
1025 3.0,1028 1.0,1032 4.0,1048 4.0,1049 3.0,1052 3.0,1055 1.0,1059 1.0,1076 3.0,2125 1.0,2126 4.0,2127 1.0,2128 4.0,2131 2.0,2132 2.0,13333 3.0,14377 2.0,14403 3.0,14404 4.0,14405 4.0,14406 4.0,14417 2.0
1025 3.0,1028 1.0,1032 4.0,1048 4.0,1049 3.0,1052 3.0,1055 1.0,1059 1.0,1076 3.0,2125 1.0,2126 4.0,2127 1.0,2128 4.0,2131 2.0,2132 2.0,13333 3.0,14377 2.0,14403 3.0,14404 4.0,14405 4.0,14406 4.0,14417 2.0
1025 3.0,1028 1.0,1032 4.0,1048 4.0,1049 3.0,1052 3.0,1055 1.0,1059 1.0,1076 3.0,2125 1.0,2126 4.0,2127 1.0,2128 4.0,2131 2.0,2132 2.0,13333 3.0,14377 2.0,14403 3.0,14404 4.0,14405 4.0,14406 4.0,14417 2.0
1025 3.0,1028 1.0,1032 4.0,1048 3.0,1049 2.0,1052 3.0,1055 1.0,1059 1.0,1076 2.0,2125 1.0,2126 4.0,2127 1.0,2128 4.0,2131 2.0,2132 2.0,13333 3.0,14377 2.0,14403 3.0,14404 4.0,14405 4.0,14406 4.0,14417 3.0
1025 3.0,1028 1.0,1032 4.0,1048 3.0,1049 2.0,1052 3.0,1055 1.0,1059 1.0,1076 2.0,2125 1.0,2126 4.0,2127 1.0,2128 4.0,2131 2.0,2132 2.0,13333 3.0,14377 2.0,14403 3.0,14404 4.0,14405 4.0,14406 4.0,14417 3.0
1025 3.0,1028 1.0,1032 4.0,1048 3.0,1049 2.0,1052 3.0,1055 1.0,1059 1.0,1076 2.0,2125 1.0,2126 4.0,2127 1.0,2128 4.0,2131 2.0,2132 2.0,13333 3.0,14377 2.0,14403 3.0,14404 4.0,14405 4.0,14406 4.0,14417 3.0
1025 3.0,1028 1.0,1032 4.0,1048 3.0,1049 2.0,1052 3.0,1055 1.0,1059 1.0,1076 2.0,2125 1.0,2126 4.0,2127 1.0,2128 4.0,2131 2.0,2132 2.0,13333 3.0,14377 2.0,14403 3.0,14404 4.0,14405 4.0,14406 4.0,14417 3.0
1025 2.0,1028 3.0,1032 4.0,1048 4.0,1049 3.0,1052 2.0,1055 4.0,1059 4.0,1076 3.0,2125 1.0,2126 4.0,2127 1.0,2128 4.0,2131 2.0,2132 2.0,13333 3.0,14377 2.0,14403 3.0,14404 4.0,14405 4.0,14406 4.0,14417 3.0
1025 2.0,1028 3.0,1032 4.0,1048 4.0,1049 3.0,1052 2.0,1055 3.0,1059 4.0,1076 3.0,2125 1.0,2126 4.0,2127 1.0,2128 4.0,2131 2.0,2132 2.0,13333 3.0,14377 2.0,14403 3.0,14404 4.0,14405 4.0,14406 4.0,14417 3.0
1025 2.0,1028 3.0,1032 4.0,1048 4.0,1049 3.0,1052 2.0,1055 3.0,1059 4.0,1076 3.0,2125 1.0,2126 4.0,2127 1.0,2128 4.0,2131 2.0,2132 2.0,13333 3.0,14377 2.0,14403 3.0,14404 4.0,14405 4.0,14406 4.0,14417 3.0
1025 2.0,1028 3.0,1032 4.0,1048 4.0,1049 3.0,1052 2.0,1055 3.0,1059 4.0,1076 3.0,2125 1.0,2126 4.0,2127 1.0,2128 4.0,2131 2.0,2132 2.0,13333 3.0,14377 2.0,14403 3.0,14404 4.0,14405 4.0,14406 4.0,14417 3.0
1025 2.0,1028 3.0,1032 4.0,1048 4.0,1049 3.0,1052 2.0,1055 4.0,1059 4.0,1076 3.0,2125 1.0,2126 4.0,2127 1.0,2128 4.0,2131 2.0,2132 2.0,13333 3.0,14377 2.0,14403 3.0,14404 4.0,14405 4.0,14406 4.0,14417 3.0
1025 2.0,1028 3.0,1032 4.0,1048 4.0,1049 3.0,1052 2.0,1055 4.0,1059 4.0,1076 3.0,2125 1.0,2126 4.0,2127 1.0,2128 4.0,2131 2.0,2132 2.0,13333 3.0,14377 2.0,14403 3.0,14404 4.0,14405 4.0,14406 4.0,14417 3.0
1025 2.0,1028 3.0,1032 4.0,1048 4.0,1049 3.0,1052 2.0,1055 4.0,1059 4.0,1076 3.0,2125 1.0,2126 4.0,2127 1.0,2128 4.0,2131 2.0,2132 2.0,13333 3.0,14377 2.0,14403 3.0,14404 4.0,14405 4.0,14406 4.0,14417 3.0
1025 2.0,1028 3.0,1032 4.0,1048 4.0,1049 3.0,1052 2.0,1055 4.0,1059 4.0,1076 3.0,2125 1.0,2126 4.0,2127 1.0,2128 4.0,2131 2.0,2132 2.0,13333 3.0,14377 2.0,14403 3.0,14404 4.0,14405 4.0,14406 4.0,14417 3.0
1025 2.0,1028 3.0,1032 4.0,1048 4.0,1049 3.0,1052 1.0,1055 4.0,1059 4.0,1076 3.0,2125 1.0,2126 4.0,2127 1.0,2128 4.0,2131 2.0,2132 2.0,13333 3.0,14377 2.0,14403 3.0,14404 4.0,14405 4.0,14406 4.0,14417 3.0
1025 2.0,1028 3.0,1032 4.0,1048 4.0,1049 3.0,1052 1.0,1055 4.0,1059 4.0,1076 3.0,2125 1.0,2126 4.0,2127 1.0,2128 4.0,2131 2.0,2132 2.0,13333 3.0,14377 2.0,14403 3.0,14404 4.0,14405 4.0,14406 4.0,14417 3.0
1025 2.0,1028 3.0,1032 4.0,1048 4.0,1049 3.0,1052 2.0,1055 4.0,1059 4.0,1076 3.0,2125 1.0,2126 4.0,2127 1.0,2128 4.0,2131 2.0,2132 1.0,13333 3.0,14377 2.0,14403 3.0,14404 4.0,14405 4.0,14406 4.0,14417 3.0
1025 2.0,1028 3.0,1032 4.0,1048 4.0,1049 3.0,1052 1.0,1055 4.0,1059 4.0,1076 3.0,2125 1.0,2126 4.0,2127 1.0,2128 4.0,2131 2.0,2132 2.0,13333 3.0,14377 2.0,14403 3.0,14404 4.0,14405 4.0,14406 4.0,14417 3.0
1025 2.0,1028 3.0,1032 4.0,1048 4.0,1049 3.0,1052 1.0,1055 4.0,1059 4.0,1076 3.0,2125 1.0,2126 4.0,2127 1.0,2128 4.0,2131 2.0,2132 2.0,13333 3.0,14377 2.0,14403 3.0,14404 4.0,14405 4.0,14406 4.0,14417 3.0
1025 2.0,1028 3.0,1032 4.0,1048 4.0,1049 3.0,1052 1.0,1055 4.0,1059 4.0,1076 3.0,2125 1.0,2126 4.0,2127 1.0,2128 4.0,2131 2.0,2132 2.0,13333 3.0,14377 2.0,14403 3.0,14404 4.0,14405 4.0,14406 4.0,14417 3.0
1025 2.0,1028 3.0,1032 4.0,1048 4.0,1049 3.0,1052 1.0,1055 4.0,1059 4.0,1076 3.0,2125 1.0,2126 4.0,2127 1.0,2128 4.0,2131 2.0,2132 2.0,13333 3.0,14377 2.0,14403 3.0,14404 4.0,14405 4.0,14406 4.0,14417 3.0
1025 2.0,1028 3.0,1032 4.0,1048 4.0,1049 3.0,1052 2.0,1055 3.0,1059 4.0,1076 3.0,2125 1.0,2126 4.0,2127 1.0,2128 4.0,2131 2.0,2132 2.0,13333 3.0,14377 2.0,14403 3.0,14404 4.0,14405 4.0,14406 4.0,14417 3.0
1025 2.0,1028 3.0,1032 4.0,1048 4.0,1049 3.0,1052 2.0,1055 4.0,1059 4.0,1076 3.0,2125 1.0,2126 4.0,2127 1.0,2128 4.0,2131 2.0,2132 2.0,13333 3.0,14377 2.0,14403 3.0,14404 4.0,14405 4.0,14406 4.0,14417 3.0
1025 2.0,1028 3.0,1032 4.0,1048 4.0,1049 3.0,1052 2.0,1055 4.0,1059 4.0,1076 3.0,2125 1.0,2126 4.0,2127 1.0,2128 4.0,2131 2.0,2132 2.0,13333 3.0,14377 2.0,14403 3.0,14404 4.0,14405 4.0,14406 4.0,14417 3.0
1025 2.0,1028 3.0,1032 4.0,1048 4.0,1049 3.0,1052 2.0,1055 3.0,1059 4.0,1076 3.0,2125 1.0,2126 4.0,2127 1.0,2128 4.0,2131 2.0,2132 2.0,13333 3.0,14377 2.0,14403 3.0,14404 4.0,14405 4.0,14406 4.0,14417 3.0
1025 2.0,1028 3.0,1032 4.0,1048 4.0,1049 3.0,1052 2.0,1055 4.0,1059 4.0,1076 3.0,2125 1.0,2126 4.0,2127 1.0,2128 4.0,2131 2.0,2132 2.0,13333 3.0,14377 2.0,14403 3.0,14404 4.0,14405 4.0,14406 4.0,14417 3.0
1025 2.0,1028 3.0,1032 4.0,1048 4.0,1049 3.0,1052 2.0,1055 4.0,1059 4.0,1076 3.0,2125 1.0,2126 4.0,2127 1.0,2128 4.0,2131 2.0,2132 2.0,13333 3.0,14377 2.0,14403 3.0,14404 4.0,14405 4.0,14406 4.0,14417 3.0
1025 2.0,1028 3.0,1032 4.0,1048 4.0,1049 3.0,1052 2.0,1055 4.0,1059 4.0,1076 3.0,2125 1.0,2126 4.0,2127 1.0,2128 4.0,2131 2.0,2132 2.0,13333 3.0,14377 2.0,14403 3.0,14404 4.0,14405 4.0,14406 4.0,14417 3.0
1025 2.0,1028 3.0,1032 4.0,1048 4.0,1049 3.0,1052 2.0,1055 4.0,1059 4.0,1076 3.0,2125 1.0,2126 4.0,2127 1.0,2128 4.0,2131 2.0,2132 2.0,13333 3.0,14377 2.0,14403 3.0,14404 4.0,14405 4.0,14406 4.0,14417 3.0
1025 2.0,1028 3.0,1032 4.0,1048 4.0,1049 3.0,1052 2.0,1055 3.0,1059 4.0,1076 3.0,2125 1.0,2126 4.0,2127 1.0,2128 4.0,2131 2.0,2132 2.0,13333 3.0,14377 2.0,14403 3.0,14404 4.0,14405 4.0,14406 4.0,14417 3.0
1025 2.0,1028 3.0,1032 4.0,1048 4.0,1049 3.0,1052 2.0,1055 4.0,1059 4.0,1076 3.0,2125 1.0,2126 4.0,2127 1.0,2128 4.0,2131 2.0,2132 2.0,13333 3.0,14377 2.0,14403 3.0,14404 4.0,14405 4.0,14406 4.0,14417 3.0
1025 2.0,1028 3.0,1032 4.0,1048 4.0,1049 3.0,1052 2.0,1055 4.0,1059 4.0,1076 3.0,2125 1.0,2126 4.0,2127 1.0,2128 4.0,2131 2.0,2132 2.0,13333 3.0,14377 2.0,14403 3.0,14404 4.0,14405 4.0,14406 4.0,14417 3.0
1025 2.0,1028 3.0,1032 4.0,1048 4.0,1049 3.0,1052 2.0,1055 4.0,1059 4.0,1076 3.0,2125 1.0,2126 4.0,2127 1.0,2128 4.0,2131 2.0,2132 2.0,13333 3.0,14377 2.0,14403 3.0,14404 4.0,14405 4.0,14406 4.0,14417 3.0
1025 2.0,1028 3.0,1032 4.0,1048 4.0,1049 3.0,1052 2.0,1055 4.0,1059 4.0,1076 3.0,2125 1.0,2126 4.0,2127 1.0,2128 4.0,2131 2.0,2132 2.0,13333 3.0,14377 2.0,14403 3.0,14404 4.0,14405 4.0,14406 4.0,14417 3.0
1025 2.0,1028 3.0,1032 4.0,1048 4.0,1049 3.0,1052 2.0,1055 4.0,1059 4.0,1076 3.0,2125 1.0,2126 4.0,2127 1.0,2128 4.0,2131 2.0,2132 2.0,13333 3.0,14377 2.0,14403 3.0,14404 4.0,14405 4.0,14406 4.0,14417 3.0
1025 2.0,1028 3.0,1032 4.0,1048 4.0,1049 3.0,1052 2.0,1055 4.0,1059 4.0,1076 3.0,2125 1.0,2126 4.0,2127 1.0,2128 4.0,2131 2.0,2132 2.0,13333 3.0,14377 2.0,14403 3.0,14404 4.0,14405 4.0,14406 4.0,14417 3.0
1025 2.0,1028 3.0,1032 4.0,1048 4.0,1049 3.0,1052 2.0,1055 3.0,1059 4.0,1076 3.0,2125 1.0,2126 4.0,2127 1.0,2128 4.0,2131 2.0,2132 2.0,13333 3.0,14377 2.0,14403 3.0,14404 4.0,14405 4.0,14406 4.0,14417 3.0
1025 2.0,1028 3.0,1032 4.0,1048 4.0,1049 3.0,1052 2.0,1055 3.0,1059 4.0,1076 3.0,2125 1.0,2126 4.0,2127 1.0,2128 4.0,2131 2.0,2132 2.0,13333 3.0,14377 2.0,14403 3.0,14404 4.0,14405 4.0,14406 4.0,14417 3.0
1025 2.0,1028 3.0,1032 4.0,1048 4.0,1049 3.0,1052 1.0,1055 4.0,1059 4.0,1076 3.0,2125 1.0,2126 4.0,2127 1.0,2128 4.0,2131 2.0,2132 2.0,13333 3.0,14377 2.0,14403 3.0,14404 4.0,14405 4.0,14406 4.0,14417 3.0
1025 3.0,1028 1.0,1032 4.0,1048 3.0,1049 3.0,1052 3.0,1055 1.0,1059 1.0,1076 3.0,2125 1.0,2126 4.0,2127 1.0,2128 4.0,2131 2.0,2132 2.0,13333 3.0,14377 2.0,14403 3.0,14404 4.0,14405 4.0,14406 4.0,14417 2.0
1025 3.0,1028 1.0,1032 4.0,1048 3.0,1049 3.0,1052 3.0,1055 1.0,1059 1.0,1076 3.0,2125 1.0,2126 4.0,2127 1.0,2128 4.0,2131 2.0,2132 2.0,13333 3.0,14377 2.0,14403 3.0,14404 4.0,14405 4.0,14406 4.0,14417 2.0
1025 3.0,1028 1.0,1032 4.0,1048 3.0,1049 3.0,1052 3.0,1055 1.0,1059 1.0,1076 3.0,2125 1.0,2126 4.0,2127 1.0,2128 4.0,2131 2.0,2132 1.0,13333 3.0,14377 2.0,14403 3.0,14404 4.0,14405 4.0,14406 4.0,14417 2.0
1025 3.0,1028 1.0,1032 4.0,1048 3.0,1049 2.0,1052 3.0,1055 1.0,1059 1.0,1076 3.0,2125 1.0,2126 4.0,2127 1.0,2128 4.0,2131 2.0,2132 1.0,13333 3.0,14377 2.0,14403 3.0,14404 4.0,14405 4.0,14406 4.0,14417 2.0
1025 3.0,1028 1.0,1032 4.0,1048 3.0,1049 2.0,1052 3.0,1055 1.0,1059 1.0,1076 3.0,2125 1.0,2126 4.0,2127 1.0,2128 4.0,2131 2.0,2132 2.0,13333 3.0,14377 2.0,14403 3.0,14404 4.0,14405 4.0,14406 4.0,14417 2.0
1025 3.0,1028 1.0,1032 4.0,1048 3.0,1049 2.0,1052 3.0,1055 1.0,1059 1.0,1076 3.0,2125 1.0,2126 4.0,2127 1.0,2128 4.0,2131 2.0,2132 2.0,13333 3.0,14377 2.0,14403 3.0,14404 4.0,14405 4.0,14406 4.0,14417 3.0
1025 3.0,1028 1.0,1032 4.0,1048 3.0,1049 2.0,1052 3.0,1055 1.0,1059 1.0,1076 3.0,2125 1.0,2126 4.0,2127 1.0,2128 4.0,2131 2.0,2132 2.0,13333 3.0,14377 2.0,14403 3.0,14404 4.0,14405 4.0,14406 4.0,14417 3.0
1025 3.0,1028 1.0,1032 4.0,1048 3.0,1049 2.0,1052 3.0,1055 1.0,1059 1.0,1076 3.0,2125 1.0,2126 4.0,2127 1.0,2128 4.0,2131 2.0,2132 2.0,13333 3.0,14377 2.0,14403 3.0,14404 4.0,14405 4.0,14406 4.0,14417 3.0
1025 3.0,1028 1.0,1032 4.0,1048 3.0,1049 2.0,1052 3.0,1055 1.0,1059 1.0,1076 3.0,2125 1.0,2126 4.0,2127 1.0,2128 4.0,2131 2.0,2132 2.0,13333 3.0,14377 2.0,14403 3.0,14404 4.0,14405 4.0,14406 4.0,14417 3.0
1025 3.0,1028 1.0,1032 4.0,1048 3.0,1049 2.0,1052 3.0,1055 1.0,1059 1.0,1076 2.0,2125 1.0,2126 4.0,2127 1.0,2128 4.0,2131 2.0,2132 2.0,13333 3.0,14377 2.0,14403 3.0,14404 4.0,14405 4.0,14406 4.0,14417 3.0
1025 4.0,1028 1.0,1032 4.0,1048 2.0,1049 2.0,1052 4.0,1055 1.0,1059 1.0,1076 2.0,2125 1.0,2126 4.0,2127 1.0,2128 4.0,2131 2.0,2132 2.0,13333 3.0,14377 2.0,14403 3.0,14404 4.0,14405 4.0,14406 4.0,14417 3.0
1025 3.0,1028 1.0,1032 4.0,1048 3.0,1049 2.0,1052 3.0,1055 1.0,1059 1.0,1076 3.0,2125 1.0,2126 4.0,2127 1.0,2128 4.0,2131 2.0,2132 1.0,13333 3.0,14377 2.0,14403 3.0,14404 4.0,14405 4.0,14406 4.0,14417 3.0
1025 3.0,1028 1.0,1032 4.0,1048 3.0,1049 2.0,1052 3.0,1055 1.0,1059 1.0,1076 2.0,2125 1.0,2126 4.0,2127 1.0,2128 4.0,2131 2.0,2132 2.0,13333 3.0,14377 2.0,14403 3.0,14404 4.0,14405 4.0,14406 4.0,14417 3.0
1025 3.0,1028 1.0,1032 4.0,1048 3.0,1049 2.0,1052 3.0,1055 1.0,1059 1.0,1076 2.0,2125 1.0,2126 4.0,2127 1.0,2128 4.0,2131 2.0,2132 2.0,13333 3.0,14377 2.0,14403 3.0,14404 4.0,14405 4.0,14406 4.0,14417 3.0
1025 3.0,1028 1.0,1032 4.0,1048 3.0,1049 2.0,1052 4.0,1055 1.0,1059 1.0,1076 2.0,2125 1.0,2126 4.0,2127 1.0,2128 4.0,2131 2.0,2132 2.0,13333 3.0,14377 2.0,14403 3.0,14404 4.0,14405 4.0,14406 4.0,14417 3.0
1025 3.0,1028 1.0,1032 4.0,1048 3.0,1049 2.0,1052 4.0,1055 1.0,1059 1.0,1076 2.0,2125 1.0,2126 4.0,2127 1.0,2128 4.0,2131 2.0,2132 2.0,13333 3.0,14377 2.0,14403 3.0,14404 4.0,14405 4.0,14406 4.0,14417 3.0
1025 3.0,1028 1.0,1032 4.0,1048 3.0,1049 2.0,1052 3.0,1055 1.0,1059 1.0,1076 2.0,2125 1.0,2126 4.0,2127 1.0,2128 4.0,2131 2.0,2132 2.0,13333 3.0,14377 2.0,14403 3.0,14404 4.0,14405 4.0,14406 4.0,14417 3.0
1025 4.0,1028 1.0,1032 4.0,1048 2.0,1049 2.0,1052 4.0,1055 1.0,1059 1.0,1076 2.0,2125 1.0,2126 4.0,2127 1.0,2128 4.0,2131 2.0,2132 2.0,13333 3.0,14377 2.0,14403 3.0,14404 4.0,14405 4.0,14406 4.0,14417 3.0
1025 4.0,1028 1.0,1032 4.0,1048 2.0,1049 2.0,1052 4.0,1055 1.0,1059 1.0,1076 2.0,2125 1.0,2126 4.0,2127 1.0,2128 4.0,2131 2.0,2132 2.0,13333 3.0,14377 2.0,14403 3.0,14404 4.0,14405 4.0,14406 4.0,14417 3.0
1025 4.0,1028 1.0,1032 4.0,1048 2.0,1049 2.0,1052 4.0,1055 1.0,1059 1.0,1076 2.0,2125 1.0,2126 4.0,2127 1.0,2128 4.0,2131 2.0,2132 2.0,13333 3.0,14377 2.0,14403 3.0,14404 4.0,14405 4.0,14406 4.0,14417 3.0
1025 4.0,1028 1.0,1032 4.0,1048 2.0,1049 2.0,1052 4.0,1055 1.0,1059 1.0,1076 2.0,2125 1.0,2126 4.0,2127 1.0,2128 4.0,2131 2.0,2132 2.0,13333 3.0,14377 2.0,14403 3.0,14404 4.0,14405 4.0,14406 4.0,14417 3.0
1025 4.0,1028 1.0,1032 4.0,1048 2.0,1049 2.0,1052 4.0,1055 1.0,1059 1.0,1076 2.0,2125 1.0,2126 4.0,2127 1.0,2128 4.0,2131 2.0,2132 2.0,13333 3.0,14377 2.0,14403 3.0,14404 4.0,14405 4.0,14406 4.0,14417 3.0
1025 3.0,1028 1.0,1032 4.0,1048 2.0,1049 2.0,1052 4.0,1055 1.0,1059 1.0,1076 2.0,2125 1.0,2126 4.0,2127 1.0,2128 4.0,2131 2.0,2132 2.0,13333 3.0,14377 2.0,14403 3.0,14404 4.0,14405 4.0,14406 4.0,14417 3.0
1025 3.0,1028 1.0,1032 4.0,1048 2.0,1049 2.0,1052 4.0,1055 1.0,1059 1.0,1076 2.0,2125 1.0,2126 4.0,2127 1.0,2128 4.0,2131 2.0,2132 2.0,13333 3.0,14377 2.0,14403 3.0,14404 4.0,14405 4.0,14406 4.0,14417 3.0
1025 3.0,1028 1.0,1032 4.0,1048 2.0,1049 2.0,1052 4.0,1055 1.0,1059 1.0,1076 2.0,2125 1.0,2126 4.0,2127 1.0,2128 4.0,2131 2.0,2132 2.0,13333 3.0,14377 2.0,14403 3.0,14404 4.0,14405 4.0,14406 4.0,14417 3.0
1025 3.0,1028 1.0,1032 4.0,1048 2.0,1049 2.0,1052 4.0,1055 1.0,1059 1.0,1076 2.0,2125 1.0,2126 4.0,2127 1.0,2128 4.0,2131 2.0,2132 2.0,13333 3.0,14377 2.0,14403 3.0,14404 4.0,14405 4.0,14406 4.0,14417 3.0
1025 4.0,1028 1.0,1032 4.0,1048 2.0,1049 2.0,1052 4.0,1055 1.0,1059 1.0,1076 2.0,2125 1.0,2126 4.0,2127 1.0,2128 4.0,2131 2.0,2132 2.0,13333 3.0,14377 2.0,14403 3.0,14404 4.0,14405 4.0,14406 4.0,14417 3.0
1025 4.0,1028 1.0,1032 4.0,1048 2.0,1049 2.0,1052 4.0,1055 1.0,1059 1.0,1076 2.0,2125 1.0,2126 4.0,2127 1.0,2128 4.0,2131 2.0,2132 2.0,13333 3.0,14377 2.0,14403 3.0,14404 4.0,14405 4.0,14406 4.0,14417 3.0
1025 3.0,1028 1.0,1032 4.0,1048 2.0,1049 1.0,1052 4.0,1055 1.0,1059 1.0,1076 2.0,2125 1.0,2126 4.0,2127 1.0,2128 4.0,2131 2.0,2132 2.0,13333 3.0,14377 2.0,14403 3.0,14404 4.0,14405 4.0,14406 4.0,14417 3.0
1025 3.0,1028 1.0,1032 4.0,1048 4.0,1049 3.0,1052 3.0,1055 1.0,1059 1.0,1076 4.0,2125 1.0,2126 4.0,2127 1.0,2128 4.0,2131 2.0,2132 2.0,13333 3.0,14377 2.0,14403 3.0,14404 4.0,14405 4.0,14406 4.0,14417 2.0
1025 3.0,1028 1.0,1032 4.0,1048 4.0,1049 3.0,1052 3.0,1055 1.0,1059 1.0,1076 4.0,2125 1.0,2126 4.0,2127 1.0,2128 4.0,2131 2.0,2132 2.0,13333 3.0,14377 2.0,14403 3.0,14404 4.0,14405 4.0,14406 4.0,14417 2.0
1025 2.0,1028 1.0,1032 4.0,1048 4.0,1049 3.0,1052 3.0,1055 1.0,1059 1.0,1076 4.0,2125 1.0,2126 4.0,2127 1.0,2128 4.0,2131 2.0,2132 2.0,13333 3.0,14377 2.0,14403 3.0,14404 4.0,14405 4.0,14406 4.0,14417 2.0
1025 2.0,1028 1.0,1032 4.0,1048 4.0,1049 3.0,1052 3.0,1055 1.0,1059 1.0,1076 4.0,2125 1.0,2126 4.0,2127 1.0,2128 4.0,2131 2.0,2132 2.0,13333 3.0,14377 2.0,14403 3.0,14404 4.0,14405 4.0,14406 4.0,14417 2.0
1025 3.0,1028 1.0,1032 4.0,1048 4.0,1049 3.0,1052 3.0,1055 1.0,1059 1.0,1076 4.0,2125 1.0,2126 4.0,2127 1.0,2128 4.0,2131 2.0,2132 2.0,13333 3.0,14377 2.0,14403 3.0,14404 4.0,14405 4.0,14406 4.0,14417 2.0
1025 3.0,1028 1.0,1032 4.0,1048 4.0,1049 3.0,1052 3.0,1055 1.0,1059 1.0,1076 4.0,2125 1.0,2126 4.0,2127 1.0,2128 4.0,2131 2.0,2132 2.0,13333 3.0,14377 2.0,14403 3.0,14404 4.0,14405 4.0,14406 4.0,14417 2.0
1025 3.0,1028 1.0,1032 4.0,1048 4.0,1049 3.0,1052 3.0,1055 1.0,1059 1.0,1076 3.0,2125 1.0,2126 4.0,2127 1.0,2128 4.0,2131 2.0,2132 2.0,13333 3.0,14377 2.0,14403 3.0,14404 4.0,14405 4.0,14406 4.0,14417 2.0
1025 3.0,1028 1.0,1032 4.0,1048 4.0,1049 3.0,1052 3.0,1055 1.0,1059 1.0,1076 3.0,2125 1.0,2126 4.0,2127 1.0,2128 4.0,2131 2.0,2132 2.0,13333 3.0,14377 2.0,14403 3.0,14404 4.0,14405 4.0,14406 4.0,14417 2.0
1025 3.0,1028 1.0,1032 4.0,1048 4.0,1049 3.0,1052 3.0,1055 1.0,1059 1.0,1076 3.0,2125 1.0,2126 4.0,2127 1.0,2128 4.0,2131 2.0,2132 2.0,13333 3.0,14377 2.0,14403 3.0,14404 4.0,14405 4.0,14406 4.0,14417 2.0
1025 3.0,1028 1.0,1032 4.0,1048 4.0,1049 3.0,1052 3.0,1055 1.0,1059 1.0,1076 3.0,2125 1.0,2126 4.0,2127 1.0,2128 4.0,2131 2.0,2132 2.0,13333 3.0,14377 2.0,14403 3.0,14404 4.0,14405 4.0,14406 4.0,14417 3.0
1025 3.0,1028 1.0,1032 4.0,1048 4.0,1049 3.0,1052 3.0,1055 1.0,1059 1.0,1076 3.0,2125 1.0,2126 4.0,2127 1.0,2128 4.0,2131 2.0,2132 2.0,13333 3.0,14377 2.0,14403 3.0,14404 4.0,14405 4.0,14406 4.0,14417 3.0
1025 3.0,1028 1.0,1032 4.0,1048 3.0,1049 3.0,1052 3.0,1055 1.0,1059 1.0,1076 3.0,2125 1.0,2126 4.0,2127 1.0,2128 4.0,2131 2.0,2132 2.0,13333 3.0,14377 2.0,14403 3.0,14404 4.0,14405 4.0,14406 4.0,14417 3.0
1025 3.0,1028 1.0,1032 4.0,1048 3.0,1049 3.0,1052 3.0,1055 1.0,1059 1.0,1076 3.0,2125 1.0,2126 4.0,2127 1.0,2128 4.0,2131 2.0,2132 2.0,13333 3.0,14377 2.0,14403 3.0,14404 4.0,14405 4.0,14406 4.0,14417 3.0
1025 3.0,1028 1.0,1032 4.0,1048 3.0,1049 3.0,1052 3.0,1055 1.0,1059 1.0,1076 3.0,2125 1.0,2126 4.0,2127 1.0,2128 4.0,2131 2.0,2132 2.0,13333 3.0,14377 2.0,14403 3.0,14404 4.0,14405 4.0,14406 4.0,14417 3.0
1025 3.0,1028 1.0,1032 4.0,1048 4.0,1049 3.0,1052 3.0,1055 1.0,1059 1.0,1076 4.0,2125 1.0,2126 4.0,2127 1.0,2128 4.0,2131 2.0,2132 2.0,13333 3.0,14377 2.0,14403 3.0,14404 4.0,14405 4.0,14406 4.0,14417 2.0
1025 3.0,1028 1.0,1032 4.0,1048 4.0,1049 3.0,1052 3.0,1055 1.0,1059 1.0,1076 4.0,2125 1.0,2126 4.0,2127 1.0,2128 4.0,2131 2.0,2132 2.0,13333 3.0,14377 2.0,14403 3.0,14404 4.0,14405 4.0,14406 4.0,14417 2.0
1025 3.0,1028 1.0,1032 4.0,1048 4.0,1049 3.0,1052 3.0,1055 1.0,1059 1.0,1076 4.0,2125 1.0,2126 4.0,2127 1.0,2128 4.0,2131 2.0,2132 2.0,13333 3.0,14377 2.0,14403 3.0,14404 4.0,14405 4.0,14406 4.0,14417 2.0
1025 3.0,1028 1.0,1032 4.0,1048 4.0,1049 3.0,1052 3.0,1055 1.0,1059 1.0,1076 4.0,2125 1.0,2126 4.0,2127 1.0,2128 4.0,2131 2.0,2132 2.0,13333 3.0,14377 2.0,14403 3.0,14404 4.0,14405 4.0,14406 4.0,14417 2.0
1025 3.0,1028 1.0,1032 4.0,1048 4.0,1049 3.0,1052 3.0,1055 1.0,1059 1.0,1076 3.0,2125 1.0,2126 4.0,2127 1.0,2128 4.0,2131 2.0,2132 2.0,13333 3.0,14377 2.0,14403 3.0,14404 4.0,14405 4.0,14406 4.0,14417 2.0
1025 3.0,1028 1.0,1032 4.0,1048 4.0,1049 3.0,1052 3.0,1055 1.0,1059 1.0,1076 3.0,2125 1.0,2126 4.0,2127 1.0,2128 4.0,2131 2.0,2132 2.0,13333 3.0,14377 2.0,14403 3.0,14404 4.0,14405 4.0,14406 4.0,14417 2.0
1025 3.0,1028 1.0,1032 4.0,1048 4.0,1049 3.0,1052 3.0,1055 1.0,1059 1.0,1076 3.0,2125 1.0,2126 4.0,2127 1.0,2128 4.0,2131 2.0,2132 2.0,13333 3.0,14377 2.0,14403 3.0,14404 4.0,14405 4.0,14406 4.0,14417 2.0
1025 3.0,1028 1.0,1032 4.0,1048 4.0,1049 3.0,1052 3.0,1055 1.0,1059 1.0,1076 3.0,2125 1.0,2126 4.0,2127 1.0,2128 4.0,2131 2.0,2132 2.0,13333 3.0,14377 2.0,14403 3.0,14404 4.0,14405 4.0,14406 4.0,14417 2.0
1025 3.0,1028 1.0,1032 4.0,1048 4.0,1049 3.0,1052 3.0,1055 1.0,1059 1.0,1076 3.0,2125 1.0,2126 4.0,2127 1.0,2128 4.0,2131 2.0,2132 2.0,13333 3.0,14377 2.0,14403 3.0,14404 4.0,14405 4.0,14406 4.0,14417 2.0
1025 3.0,1028 1.0,1032 4.0,1048 4.0,1049 3.0,1052 3.0,1055 1.0,1059 1.0,1076 3.0,2125 1.0,2126 4.0,2127 1.0,2128 4.0,2131 2.0,2132 2.0,13333 3.0,14377 2.0,14403 3.0,14404 4.0,14405 4.0,14406 4.0,14417 3.0
1025 3.0,1028 1.0,1032 4.0,1048 4.0,1049 3.0,1052 3.0,1055 1.0,1059 1.0,1076 3.0,2125 1.0,2126 4.0,2127 1.0,2128 4.0,2131 2.0,2132 2.0,13333 3.0,14377 2.0,14403 3.0,14404 4.0,14405 4.0,14406 4.0,14417 3.0
1025 3.0,1028 1.0,1032 4.0,1048 4.0,1049 3.0,1052 3.0,1055 1.0,1059 1.0,1076 3.0,2125 1.0,2126 4.0,2127 1.0,2128 4.0,2131 2.0,2132 2.0,13333 3.0,14377 2.0,14403 3.0,14404 4.0,14405 4.0,14406 4.0,14417 3.0
1025 3.0,1028 1.0,1032 4.0,1048 4.0,1049 3.0,1052 3.0,1055 1.0,1059 1.0,1076 3.0,2125 1.0,2126 4.0,2127 1.0,2128 4.0,2131 2.0,2132 2.0,13333 3.0,14377 2.0,14403 3.0,14404 4.0,14405 4.0,14406 4.0,14417 3.0
1025 3.0,1028 1.0,1032 4.0,1048 4.0,1049 3.0,1052 3.0,1055 1.0,1059 1.0,1076 3.0,2125 1.0,2126 4.0,2127 1.0,2128 4.0,2131 2.0,2132 2.0,13333 3.0,14377 2.0,14403 3.0,14404 4.0,14405 4.0,14406 4.0,14417 3.0
1025 2.0,1028 3.0,1032 4.0,1048 4.0,1049 3.0,1052 1.0,1055 4.0,1059 4.0,1076 3.0,2125 1.0,2126 4.0,2127 1.0,2128 4.0,2131 2.0,2132 2.0,13333 3.0,14377 2.0,14403 3.0,14404 4.0,14405 4.0,14406 4.0,14417 3.0
1025 2.0,1028 3.0,1032 4.0,1048 4.0,1049 3.0,1052 2.0,1055 4.0,1059 4.0,1076 3.0,2125 1.0,2126 4.0,2127 1.0,2128 4.0,2131 2.0,2132 2.0,13333 3.0,14377 2.0,14403 3.0,14404 4.0,14405 4.0,14406 4.0,14417 3.0
1025 2.0,1028 3.0,1032 4.0,1048 4.0,1049 3.0,1052 1.0,1055 4.0,1059 4.0,1076 3.0,2125 1.0,2126 4.0,2127 1.0,2128 4.0,2131 2.0,2132 2.0,13333 3.0,14377 2.0,14403 3.0,14404 4.0,14405 4.0,14406 4.0,14417 3.0
1025 2.0,1028 3.0,1032 4.0,1048 4.0,1049 3.0,1052 1.0,1055 4.0,1059 4.0,1076 3.0,2125 1.0,2126 4.0,2127 1.0,2128 4.0,2131 2.0,2132 1.0,13333 3.0,14377 2.0,14403 3.0,14404 4.0,14405 4.0,14406 4.0,14417 3.0
1025 2.0,1028 3.0,1032 4.0,1048 4.0,1049 3.0,1052 1.0,1055 4.0,1059 4.0,1076 3.0,2125 1.0,2126 4.0,2127 1.0,2128 4.0,2131 2.0,2132 2.0,13333 3.0,14377 2.0,14403 3.0,14404 4.0,14405 4.0,14406 4.0,14417 3.0
1025 2.0,1028 3.0,1032 4.0,1048 4.0,1049 3.0,1052 1.0,1055 4.0,1059 4.0,1076 3.0,2125 1.0,2126 4.0,2127 1.0,2128 4.0,2131 2.0,2132 2.0,13333 3.0,14377 2.0,14403 3.0,14404 4.0,14405 4.0,14406 4.0,14417 3.0
1025 2.0,1028 3.0,1032 4.0,1048 4.0,1049 3.0,1052 1.0,1055 4.0,1059 4.0,1076 3.0,2125 1.0,2126 4.0,2127 1.0,2128 4.0,2131 2.0,2132 2.0,13333 3.0,14377 2.0,14403 3.0,14404 4.0,14405 4.0,14406 4.0,14417 3.0
1025 2.0,1028 3.0,1032 4.0,1048 4.0,1049 3.0,1052 1.0,1055 4.0,1059 4.0,1076 3.0,2125 1.0,2126 4.0,2127 1.0,2128 4.0,2131 2.0,2132 2.0,13333 3.0,14377 2.0,14403 3.0,14404 4.0,14405 4.0,14406 4.0,14417 3.0
1025 2.0,1028 3.0,1032 4.0,1048 4.0,1049 3.0,1052 1.0,1055 4.0,1059 4.0,1076 3.0,2125 1.0,2126 4.0,2127 1.0,2128 4.0,2131 2.0,2132 2.0,13333 3.0,14377 2.0,14403 3.0,14404 4.0,14405 4.0,14406 4.0,14417 3.0
1025 2.0,1028 3.0,1032 4.0,1048 4.0,1049 3.0,1052 1.0,1055 4.0,1059 4.0,1076 3.0,2125 1.0,2126 4.0,2127 1.0,2128 4.0,2131 2.0,2132 2.0,13333 3.0,14377 2.0,14403 3.0,14404 4.0,14405 4.0,14406 4.0,14417 3.0
1025 2.0,1028 3.0,1032 4.0,1048 4.0,1049 3.0,1052 2.0,1055 4.0,1059 4.0,1076 3.0,2125 1.0,2126 4.0,2127 1.0,2128 4.0,2131 2.0,2132 2.0,13333 3.0,14377 2.0,14403 3.0,14404 4.0,14405 4.0,14406 4.0,14417 3.0
1025 2.0,1028 3.0,1032 4.0,1048 4.0,1049 3.0,1052 2.0,1055 4.0,1059 4.0,1076 3.0,2125 1.0,2126 4.0,2127 1.0,2128 4.0,2131 2.0,2132 2.0,13333 3.0,14377 2.0,14403 3.0,14404 4.0,14405 4.0,14406 4.0,14417 3.0
1025 2.0,1028 3.0,1032 4.0,1048 4.0,1049 3.0,1052 2.0,1055 4.0,1059 4.0,1076 3.0,2125 1.0,2126 4.0,2127 1.0,2128 4.0,2131 2.0,2132 2.0,13333 3.0,14377 2.0,14403 3.0,14404 4.0,14405 4.0,14406 4.0,14417 3.0
1025 2.0,1028 3.0,1032 4.0,1048 4.0,1049 3.0,1052 2.0,1055 4.0,1059 4.0,1076 3.0,2125 1.0,2126 4.0,2127 1.0,2128 4.0,2131 2.0,2132 2.0,13333 3.0,14377 2.0,14403 3.0,14404 4.0,14405 4.0,14406 4.0,14417 3.0
1025 2.0,1028 3.0,1032 4.0,1048 4.0,1049 3.0,1052 2.0,1055 4.0,1059 4.0,1076 3.0,2125 1.0,2126 4.0,2127 1.0,2128 4.0,2131 2.0,2132 2.0,13333 3.0,14377 2.0,14403 3.0,14404 4.0,14405 4.0,14406 4.0,14417 3.0
1025 2.0,1028 3.0,1032 4.0,1048 4.0,1049 3.0,1052 2.0,1055 4.0,1059 4.0,1076 3.0,2125 1.0,2126 4.0,2127 1.0,2128 4.0,2131 2.0,2132 2.0,13333 3.0,14377 2.0,14403 3.0,14404 4.0,14405 4.0,14406 4.0,14417 3.0
1025 2.0,1028 3.0,1032 4.0,1048 4.0,1049 3.0,1052 2.0,1055 4.0,1059 4.0,1076 3.0,2125 1.0,2126 4.0,2127 1.0,2128 4.0,2131 2.0,2132 2.0,13333 3.0,14377 2.0,14403 3.0,14404 4.0,14405 4.0,14406 4.0,14417 3.0
1025 2.0,1028 3.0,1032 4.0,1048 4.0,1049 3.0,1052 2.0,1055 4.0,1059 4.0,1076 3.0,2125 1.0,2126 4.0,2127 1.0,2128 4.0,2131 2.0,2132 2.0,13333 3.0,14377 2.0,14403 3.0,14404 4.0,14405 4.0,14406 4.0,14417 3.0
1025 2.0,1028 3.0,1032 4.0,1048 4.0,1049 3.0,1052 2.0,1055 4.0,1059 4.0,1076 3.0,2125 1.0,2126 4.0,2127 1.0,2128 4.0,2131 2.0,2132 2.0,13333 3.0,14377 2.0,14403 3.0,14404 4.0,14405 4.0,14406 4.0,14417 3.0
1025 2.0,1028 3.0,1032 4.0,1048 4.0,1049 3.0,1052 2.0,1055 4.0,1059 4.0,1076 3.0,2125 1.0,2126 4.0,2127 1.0,2128 4.0,2131 2.0,2132 2.0,13333 3.0,14377 2.0,14403 3.0,14404 4.0,14405 4.0,14406 4.0,14417 3.0
1025 2.0,1028 3.0,1032 4.0,1048 4.0,1049 3.0,1052 2.0,1055 4.0,1059 4.0,1076 3.0,2125 1.0,2126 4.0,2127 1.0,2128 4.0,2131 2.0,2132 2.0,13333 3.0,14377 2.0,14403 3.0,14404 4.0,14405 4.0,14406 4.0,14417 3.0
1025 2.0,1028 3.0,1032 4.0,1048 4.0,1049 3.0,1052 2.0,1055 4.0,1059 4.0,1076 3.0,2125 1.0,2126 4.0,2127 1.0,2128 4.0,2131 2.0,2132 1.0,13333 3.0,14377 2.0,14403 3.0,14404 4.0,14405 4.0,14406 4.0,14417 3.0
1025 2.0,1028 3.0,1032 4.0,1048 4.0,1049 3.0,1052 2.0,1055 4.0,1059 4.0,1076 4.0,2125 1.0,2126 4.0,2127 1.0,2128 4.0,2131 2.0,2132 2.0,13333 3.0,14377 2.0,14403 3.0,14404 4.0,14405 4.0,14406 4.0,14417 3.0
1025 2.0,1028 3.0,1032 4.0,1048 4.0,1049 3.0,1052 2.0,1055 4.0,1059 4.0,1076 4.0,2125 1.0,2126 4.0,2127 1.0,2128 4.0,2131 2.0,2132 1.0,13333 3.0,14377 2.0,14403 3.0,14404 4.0,14405 4.0,14406 4.0,14417 3.0
1025 2.0,1028 3.0,1032 4.0,1048 4.0,1049 3.0,1052 1.0,1055 4.0,1059 4.0,1076 4.0,2125 1.0,2126 4.0,2127 1.0,2128 4.0,2131 2.0,2132 1.0,13333 3.0,14377 2.0,14403 3.0,14404 4.0,14405 4.0,14406 4.0,14417 3.0
1025 2.0,1028 3.0,1032 4.0,1048 4.0,1049 3.0,1052 2.0,1055 4.0,1059 4.0,1076 4.0,2125 1.0,2126 4.0,2127 1.0,2128 4.0,2131 2.0,2132 1.0,13333 3.0,14377 2.0,14403 3.0,14404 4.0,14405 4.0,14406 4.0,14417 3.0
1025 2.0,1028 3.0,1032 4.0,1048 4.0,1049 3.0,1052 2.0,1055 3.0,1059 4.0,1076 3.0,2125 1.0,2126 4.0,2127 1.0,2128 4.0,2131 2.0,2132 2.0,13333 3.0,14377 2.0,14403 3.0,14404 4.0,14405 4.0,14406 4.0,14417 3.0
1025 2.0,1028 3.0,1032 4.0,1048 4.0,1049 3.0,1052 2.0,1055 4.0,1059 4.0,1076 3.0,2125 1.0,2126 4.0,2127 1.0,2128 4.0,2131 2.0,2132 2.0,13333 3.0,14377 2.0,14403 3.0,14404 4.0,14405 4.0,14406 4.0,14417 3.0
1025 2.0,1028 3.0,1032 4.0,1048 4.0,1049 3.0,1052 2.0,1055 4.0,1059 4.0,1076 3.0,2125 1.0,2126 4.0,2127 1.0,2128 4.0,2131 2.0,2132 1.0,13333 3.0,14377 2.0,14403 3.0,14404 4.0,14405 4.0,14406 4.0,14417 3.0
1025 2.0,1028 3.0,1032 4.0,1048 4.0,1049 3.0,1052 2.0,1055 4.0,1059 4.0,1076 3.0,2125 1.0,2126 4.0,2127 1.0,2128 4.0,2131 2.0,2132 2.0,13333 3.0,14377 2.0,14403 3.0,14404 4.0,14405 4.0,14406 4.0,14417 3.0
1025 2.0,1028 3.0,1032 4.0,1048 4.0,1049 3.0,1052 2.0,1055 3.0,1059 4.0,1076 3.0,2125 1.0,2126 4.0,2127 1.0,2128 4.0,2131 2.0,2132 2.0,13333 3.0,14377 2.0,14403 3.0,14404 4.0,14405 4.0,14406 4.0,14417 3.0
1025 2.0,1028 3.0,1032 4.0,1048 4.0,1049 3.0,1052 2.0,1055 3.0,1059 4.0,1076 3.0,2125 1.0,2126 4.0,2127 1.0,2128 4.0,2131 2.0,2132 2.0,13333 3.0,14377 2.0,14403 3.0,14404 4.0,14405 4.0,14406 4.0,14417 3.0
1025 2.0,1028 3.0,1032 4.0,1048 4.0,1049 3.0,1052 2.0,1055 3.0,1059 4.0,1076 3.0,2125 1.0,2126 4.0,2127 1.0,2128 4.0,2131 2.0,2132 2.0,13333 3.0,14377 2.0,14403 3.0,14404 4.0,14405 4.0,14406 4.0,14417 3.0
1025 2.0,1028 3.0,1032 4.0,1048 4.0,1049 3.0,1052 2.0,1055 3.0,1059 4.0,1076 3.0,2125 1.0,2126 4.0,2127 1.0,2128 4.0,2131 2.0,2132 2.0,13333 3.0,14377 2.0,14403 3.0,14404 4.0,14405 4.0,14406 4.0,14417 3.0
1025 2.0,1028 3.0,1032 4.0,1048 4.0,1049 3.0,1052 2.0,1055 3.0,1059 4.0,1076 3.0,2125 1.0,2126 4.0,2127 1.0,2128 4.0,2131 2.0,2132 2.0,13333 3.0,14377 2.0,14403 3.0,14404 4.0,14405 4.0,14406 4.0,14417 3.0
1025 2.0,1028 3.0,1032 4.0,1048 4.0,1049 3.0,1052 2.0,1055 4.0,1059 4.0,1076 3.0,2125 1.0,2126 4.0,2127 1.0,2128 4.0,2131 2.0,2132 2.0,13333 3.0,14377 2.0,14403 3.0,14404 4.0,14405 4.0,14406 4.0,14417 3.0
1025 2.0,1028 3.0,1032 4.0,1048 4.0,1049 3.0,1052 2.0,1055 3.0,1059 4.0,1076 3.0,2125 1.0,2126 4.0,2127 1.0,2128 4.0,2131 2.0,2132 2.0,13333 3.0,14377 2.0,14403 3.0,14404 4.0,14405 4.0,14406 4.0,14417 3.0
1025 2.0,1028 3.0,1032 4.0,1048 4.0,1049 3.0,1052 2.0,1055 3.0,1059 4.0,1076 3.0,2125 1.0,2126 4.0,2127 1.0,2128 4.0,2131 2.0,2132 2.0,13333 3.0,14377 2.0,14403 3.0,14404 4.0,14405 4.0,14406 4.0,14417 3.0
1025 2.0,1028 3.0,1032 4.0,1048 4.0,1049 3.0,1052 2.0,1055 4.0,1059 4.0,1076 3.0,2125 1.0,2126 4.0,2127 1.0,2128 4.0,2131 2.0,2132 2.0,13333 3.0,14377 2.0,14403 3.0,14404 4.0,14405 4.0,14406 4.0,14417 3.0
1025 2.0,1028 3.0,1032 4.0,1048 4.0,1049 3.0,1052 1.0,1055 4.0,1059 4.0,1076 3.0,2125 1.0,2126 4.0,2127 1.0,2128 4.0,2131 2.0,2132 2.0,13333 3.0,14377 2.0,14403 3.0,14404 4.0,14405 4.0,14406 4.0,14417 3.0
1025 2.0,1028 3.0,1032 4.0,1048 4.0,1049 3.0,1052 1.0,1055 4.0,1059 4.0,1076 3.0,2125 1.0,2126 4.0,2127 1.0,2128 4.0,2131 2.0,2132 2.0,13333 3.0,14377 2.0,14403 3.0,14404 4.0,14405 4.0,14406 4.0,14417 3.0
1025 2.0,1028 3.0,1032 4.0,1048 4.0,1049 3.0,1052 2.0,1055 4.0,1059 4.0,1076 3.0,2125 1.0,2126 4.0,2127 1.0,2128 4.0,2131 2.0,2132 2.0,13333 3.0,14377 2.0,14403 3.0,14404 4.0,14405 4.0,14406 4.0,14417 3.0
1025 2.0,1028 3.0,1032 4.0,1048 4.0,1049 3.0,1052 1.0,1055 4.0,1059 4.0,1076 3.0,2125 1.0,2126 4.0,2127 1.0,2128 4.0,2131 2.0,2132 2.0,13333 3.0,14377 2.0,14403 3.0,14404 4.0,14405 4.0,14406 4.0,14417 3.0
1025 2.0,1028 3.0,1032 4.0,1048 4.0,1049 3.0,1052 1.0,1055 4.0,1059 4.0,1076 3.0,2125 1.0,2126 4.0,2127 1.0,2128 4.0,2131 2.0,2132 2.0,13333 3.0,14377 2.0,14403 3.0,14404 4.0,14405 4.0,14406 4.0,14417 3.0
1025 2.0,1028 3.0,1032 4.0,1048 4.0,1049 3.0,1052 2.0,1055 4.0,1059 4.0,1076 3.0,2125 1.0,2126 4.0,2127 1.0,2128 4.0,2131 2.0,2132 2.0,13333 3.0,14377 2.0,14403 3.0,14404 4.0,14405 4.0,14406 4.0,14417 3.0
1025 2.0,1028 3.0,1032 4.0,1048 4.0,1049 3.0,1052 2.0,1055 4.0,1059 4.0,1076 3.0,2125 1.0,2126 4.0,2127 1.0,2128 4.0,2131 2.0,2132 2.0,13333 3.0,14377 2.0,14403 3.0,14404 4.0,14405 4.0,14406 4.0,14417 3.0
1025 2.0,1028 3.0,1032 4.0,1048 4.0,1049 3.0,1052 2.0,1055 4.0,1059 4.0,1076 3.0,2125 1.0,2126 4.0,2127 1.0,2128 4.0,2131 2.0,2132 2.0,13333 3.0,14377 2.0,14403 3.0,14404 4.0,14405 4.0,14406 4.0,14417 3.0
1025 2.0,1028 3.0,1032 4.0,1048 4.0,1049 3.0,1052 2.0,1055 4.0,1059 4.0,1076 3.0,2125 1.0,2126 4.0,2127 1.0,2128 4.0,2131 2.0,2132 1.0,13333 3.0,14377 2.0,14403 3.0,14404 4.0,14405 4.0,14406 4.0,14417 3.0
1025 2.0,1028 3.0,1032 4.0,1048 4.0,1049 3.0,1052 2.0,1055 4.0,1059 4.0,1076 3.0,2125 1.0,2126 4.0,2127 1.0,2128 4.0,2131 2.0,2132 2.0,13333 3.0,14377 2.0,14403 3.0,14404 4.0,14405 4.0,14406 4.0,14417 3.0
1025 2.0,1028 3.0,1032 4.0,1048 4.0,1049 3.0,1052 2.0,1055 4.0,1059 4.0,1076 3.0,2125 1.0,2126 4.0,2127 1.0,2128 4.0,2131 2.0,2132 1.0,13333 3.0,14377 2.0,14403 3.0,14404 4.0,14405 4.0,14406 4.0,14417 3.0
1025 2.0,1028 3.0,1032 4.0,1048 4.0,1049 3.0,1052 2.0,1055 4.0,1059 4.0,1076 3.0,2125 1.0,2126 4.0,2127 1.0,2128 4.0,2131 2.0,2132 2.0,13333 3.0,14377 2.0,14403 3.0,14404 4.0,14405 4.0,14406 4.0,14417 3.0
1025 2.0,1028 3.0,1032 4.0,1048 4.0,1049 3.0,1052 2.0,1055 4.0,1059 4.0,1076 3.0,2125 1.0,2126 4.0,2127 1.0,2128 4.0,2131 2.0,2132 2.0,13333 3.0,14377 2.0,14403 3.0,14404 4.0,14405 4.0,14406 4.0,14417 3.0
1025 2.0,1028 3.0,1032 4.0,1048 4.0,1049 3.0,1052 2.0,1055 4.0,1059 4.0,1076 3.0,2125 1.0,2126 4.0,2127 1.0,2128 4.0,2131 2.0,2132 2.0,13333 3.0,14377 2.0,14403 3.0,14404 4.0,14405 4.0,14406 4.0,14417 3.0
1025 2.0,1028 3.0,1032 4.0,1048 4.0,1049 3.0,1052 2.0,1055 4.0,1059 4.0,1076 3.0,2125 1.0,2126 4.0,2127 1.0,2128 4.0,2131 2.0,2132 2.0,13333 3.0,14377 2.0,14403 3.0,14404 4.0,14405 4.0,14406 4.0,14417 3.0
1025 2.0,1028 3.0,1032 4.0,1048 4.0,1049 3.0,1052 2.0,1055 4.0,1059 4.0,1076 3.0,2125 1.0,2126 4.0,2127 1.0,2128 4.0,2131 2.0,2132 2.0,13333 3.0,14377 2.0,14403 3.0,14404 4.0,14405 4.0,14406 4.0,14417 3.0
1025 2.0,1028 3.0,1032 4.0,1048 4.0,1049 3.0,1052 2.0,1055 4.0,1059 4.0,1076 3.0,2125 1.0,2126 4.0,2127 1.0,2128 4.0,2131 2.0,2132 1.0,13333 3.0,14377 2.0,14403 3.0,14404 4.0,14405 4.0,14406 4.0,14417 3.0
1025 2.0,1028 3.0,1032 4.0,1048 4.0,1049 3.0,1052 2.0,1055 4.0,1059 4.0,1076 3.0,2125 1.0,2126 4.0,2127 1.0,2128 4.0,2131 2.0,2132 2.0,13333 3.0,14377 2.0,14403 3.0,14404 4.0,14405 4.0,14406 4.0,14417 3.0
1025 2.0,1028 3.0,1032 4.0,1048 4.0,1049 3.0,1052 2.0,1055 4.0,1059 4.0,1076 3.0,2125 1.0,2126 4.0,2127 1.0,2128 4.0,2131 2.0,2132 2.0,13333 3.0,14377 2.0,14403 3.0,14404 4.0,14405 4.0,14406 4.0,14417 3.0
1025 2.0,1028 3.0,1032 4.0,1048 4.0,1049 3.0,1052 2.0,1055 4.0,1059 4.0,1076 3.0,2125 1.0,2126 4.0,2127 1.0,2128 4.0,2131 2.0,2132 1.0,13333 3.0,14377 2.0,14403 3.0,14404 4.0,14405 4.0,14406 4.0,14417 3.0
1025 2.0,1028 3.0,1032 4.0,1048 4.0,1049 3.0,1052 2.0,1055 3.0,1059 4.0,1076 4.0,2125 1.0,2126 4.0,2127 1.0,2128 4.0,2131 2.0,2132 2.0,13333 3.0,14377 2.0,14403 3.0,14404 4.0,14405 4.0,14406 4.0,14417 3.0
1025 2.0,1028 3.0,1032 4.0,1048 4.0,1049 3.0,1052 2.0,1055 3.0,1059 4.0,1076 4.0,2125 1.0,2126 4.0,2127 1.0,2128 4.0,2131 2.0,2132 2.0,13333 3.0,14377 2.0,14403 3.0,14404 4.0,14405 4.0,14406 4.0,14417 3.0
1025 2.0,1028 3.0,1032 4.0,1048 4.0,1049 3.0,1052 2.0,1055 4.0,1059 4.0,1076 4.0,2125 1.0,2126 4.0,2127 1.0,2128 4.0,2131 2.0,2132 2.0,13333 3.0,14377 2.0,14403 3.0,14404 4.0,14405 4.0,14406 4.0,14417 3.0
1025 2.0,1028 3.0,1032 4.0,1048 4.0,1049 3.0,1052 1.0,1055 4.0,1059 4.0,1076 4.0,2125 1.0,2126 4.0,2127 1.0,2128 4.0,2131 2.0,2132 2.0,13333 3.0,14377 2.0,14403 3.0,14404 4.0,14405 4.0,14406 4.0,14417 3.0
1025 2.0,1028 3.0,1032 4.0,1048 4.0,1049 3.0,1052 2.0,1055 4.0,1059 4.0,1076 4.0,2125 1.0,2126 4.0,2127 1.0,2128 4.0,2131 2.0,2132 2.0,13333 3.0,14377 2.0,14403 3.0,14404 4.0,14405 4.0,14406 4.0,14417 3.0
1025 2.0,1028 3.0,1032 4.0,1048 4.0,1049 3.0,1052 2.0,1055 4.0,1059 4.0,1076 4.0,2125 1.0,2126 4.0,2127 1.0,2128 4.0,2131 2.0,2132 2.0,13333 3.0,14377 2.0,14403 3.0,14404 4.0,14405 4.0,14406 4.0,14417 3.0